                                kicad schematic
                                Transient Analysis  Sat Sep 13 16:43:48  2025
--------------------------------------------------------------------------------
Index   time            a0              a1              a2              
--------------------------------------------------------------------------------
0	0.000000e+00	5.000000e+00	0.000000e+00	0.000000e+00	
1	1.000000e-10	5.000000e+00	0.000000e+00	0.000000e+00	
2	2.000000e-10	5.000000e+00	0.000000e+00	0.000000e+00	
3	4.000000e-10	5.000000e+00	0.000000e+00	0.000000e+00	
4	8.000000e-10	5.000000e+00	0.000000e+00	0.000000e+00	
5	1.600000e-09	5.000000e+00	0.000000e+00	0.000000e+00	
6	3.200000e-09	5.000000e+00	0.000000e+00	0.000000e+00	
7	6.400000e-09	5.000000e+00	0.000000e+00	0.000000e+00	
8	8.200000e-09	5.000000e+00	0.000000e+00	0.000000e+00	
9	8.210000e-09	5.000000e+00	0.000000e+00	0.000000e+00	
10	8.230000e-09	5.000000e+00	0.000000e+00	0.000000e+00	
11	8.270000e-09	5.000000e+00	0.000000e+00	0.000000e+00	
12	8.300000e-09	5.000000e+00	0.000000e+00	0.000000e+00	
13	8.308000e-09	5.000000e+00	0.000000e+00	0.000000e+00	
14	8.324000e-09	5.000000e+00	0.000000e+00	0.000000e+00	
15	8.356000e-09	5.000000e+00	0.000000e+00	0.000000e+00	
16	8.420000e-09	5.000000e+00	0.000000e+00	0.000000e+00	
17	8.548000e-09	5.000000e+00	0.000000e+00	0.000000e+00	
18	8.804000e-09	5.000000e+00	0.000000e+00	0.000000e+00	
19	9.200000e-09	5.000000e+00	0.000000e+00	0.000000e+00	
20	9.251200e-09	5.000000e+00	0.000000e+00	0.000000e+00	
21	9.353600e-09	5.000000e+00	0.000000e+00	0.000000e+00	
22	9.558400e-09	5.000000e+00	0.000000e+00	0.000000e+00	
23	9.968000e-09	5.000000e+00	0.000000e+00	0.000000e+00	
24	1.000000e-08	5.000000e+00	0.000000e+00	0.000000e+00	
25	1.001000e-08	5.000000e+00	0.000000e+00	0.000000e+00	
26	1.003000e-08	5.000000e+00	0.000000e+00	0.000000e+00	
27	1.007000e-08	5.000000e+00	0.000000e+00	0.000000e+00	
28	1.010000e-08	5.000000e+00	0.000000e+00	0.000000e+00	
29	1.010800e-08	5.000000e+00	0.000000e+00	0.000000e+00	
30	1.012400e-08	5.000000e+00	0.000000e+00	0.000000e+00	
31	1.015600e-08	5.000000e+00	0.000000e+00	0.000000e+00	
32	1.022000e-08	5.000000e+00	0.000000e+00	0.000000e+00	
33	1.034800e-08	5.000000e+00	0.000000e+00	0.000000e+00	
34	1.060400e-08	5.000000e+00	0.000000e+00	0.000000e+00	
35	1.111600e-08	5.000000e+00	0.000000e+00	0.000000e+00	
36	1.140000e-08	5.000000e+00	0.000000e+00	0.000000e+00	
37	1.149000e-08	5.000000e+00	0.000000e+00	0.000000e+00	
38	1.167000e-08	5.000000e+00	0.000000e+00	0.000000e+00	
39	1.203000e-08	5.000000e+00	0.000000e+00	0.000000e+00	
40	1.230000e-08	5.000000e+00	0.000000e+00	0.000000e+00	
41	1.237200e-08	5.000000e+00	0.000000e+00	0.000000e+00	
42	1.240000e-08	5.000000e+00	0.000000e+00	0.000000e+00	
43	1.241000e-08	5.000000e+00	0.000000e+00	0.000000e+00	
44	1.243000e-08	5.000000e+00	0.000000e+00	0.000000e+00	
45	1.247000e-08	5.000000e+00	0.000000e+00	0.000000e+00	
46	1.250000e-08	5.000000e+00	0.000000e+00	0.000000e+00	
47	1.250800e-08	5.000000e+00	0.000000e+00	0.000000e+00	
48	1.252400e-08	5.000000e+00	0.000000e+00	0.000000e+00	
49	1.255600e-08	5.000000e+00	0.000000e+00	0.000000e+00	
50	1.262000e-08	5.000000e+00	0.000000e+00	0.000000e+00	
51	1.274800e-08	5.000000e+00	0.000000e+00	0.000000e+00	
52	1.300400e-08	5.000000e+00	0.000000e+00	0.000000e+00	
53	1.351600e-08	5.000000e+00	0.000000e+00	0.000000e+00	
54	1.454000e-08	5.000000e+00	0.000000e+00	0.000000e+00	

Index   time            a0              a1              a2              
--------------------------------------------------------------------------------
55	1.658800e-08	5.000000e+00	0.000000e+00	0.000000e+00	
56	2.068400e-08	5.000000e+00	0.000000e+00	0.000000e+00	
57	2.887600e-08	5.000000e+00	0.000000e+00	0.000000e+00	
58	4.526000e-08	5.000000e+00	0.000000e+00	0.000000e+00	
59	7.802800e-08	5.000000e+00	0.000000e+00	0.000000e+00	
60	1.435640e-07	5.000000e+00	0.000000e+00	0.000000e+00	
61	2.746360e-07	5.000000e+00	0.000000e+00	0.000000e+00	
62	5.367800e-07	5.000000e+00	0.000000e+00	0.000000e+00	
63	1.061068e-06	5.000000e+00	0.000000e+00	0.000000e+00	
64	2.109644e-06	5.000000e+00	0.000000e+00	0.000000e+00	
65	4.206796e-06	5.000000e+00	0.000000e+00	0.000000e+00	
66	8.401100e-06	5.000000e+00	0.000000e+00	0.000000e+00	
67	1.678971e-05	5.000000e+00	0.000000e+00	0.000000e+00	
68	3.356692e-05	5.000000e+00	0.000000e+00	0.000000e+00	
69	6.712136e-05	5.000000e+00	0.000000e+00	0.000000e+00	
70	1.342302e-04	5.000000e+00	0.000000e+00	0.000000e+00	
71	2.142302e-04	5.000000e+00	0.000000e+00	0.000000e+00	
72	2.942302e-04	5.000000e+00	0.000000e+00	0.000000e+00	
73	3.742302e-04	5.000000e+00	0.000000e+00	0.000000e+00	
74	4.542302e-04	5.000000e+00	0.000000e+00	0.000000e+00	
75	5.342302e-04	5.000000e+00	0.000000e+00	0.000000e+00	
76	6.142302e-04	5.000000e+00	0.000000e+00	0.000000e+00	
77	6.942302e-04	5.000000e+00	0.000000e+00	0.000000e+00	
78	7.742302e-04	5.000000e+00	0.000000e+00	0.000000e+00	
79	8.542302e-04	5.000000e+00	0.000000e+00	0.000000e+00	
80	9.342302e-04	5.000000e+00	0.000000e+00	0.000000e+00	
81	1.000010e-03	5.000000e+00	0.000000e+00	0.000000e+00	
82	1.000011e-03	5.000000e+00	0.000000e+00	0.000000e+00	
83	1.000013e-03	5.000000e+00	0.000000e+00	0.000000e+00	
84	1.000017e-03	5.000000e+00	0.000000e+00	0.000000e+00	
85	1.000020e-03	5.000000e+00	0.000000e+00	0.000000e+00	
86	1.000021e-03	5.000000e+00	0.000000e+00	0.000000e+00	
87	1.000022e-03	5.000000e+00	0.000000e+00	0.000000e+00	
88	1.000022e-03	5.000000e+00	0.000000e+00	0.000000e+00	
89	1.000022e-03	5.000000e+00	0.000000e+00	0.000000e+00	
90	1.000023e-03	5.000000e+00	0.000000e+00	0.000000e+00	
91	1.000023e-03	5.000000e+00	0.000000e+00	0.000000e+00	
92	1.000023e-03	5.000000e+00	0.000000e+00	0.000000e+00	
93	1.000023e-03	5.000000e+00	0.000000e+00	0.000000e+00	
94	1.000023e-03	5.000000e+00	0.000000e+00	0.000000e+00	
95	1.000023e-03	5.000000e+00	0.000000e+00	0.000000e+00	
96	1.000023e-03	5.000000e+00	0.000000e+00	0.000000e+00	
97	1.000023e-03	5.000000e+00	0.000000e+00	0.000000e+00	
98	1.000023e-03	5.000000e+00	0.000000e+00	0.000000e+00	
99	1.000023e-03	5.000000e+00	0.000000e+00	0.000000e+00	
100	1.000023e-03	5.000000e+00	0.000000e+00	0.000000e+00	
101	1.000023e-03	5.000000e+00	0.000000e+00	0.000000e+00	
102	1.000023e-03	5.000000e+00	0.000000e+00	0.000000e+00	
103	1.000024e-03	5.000000e+00	0.000000e+00	0.000000e+00	
104	1.000024e-03	5.000000e+00	0.000000e+00	0.000000e+00	
105	1.000025e-03	5.000000e+00	0.000000e+00	0.000000e+00	
106	1.000025e-03	5.000000e+00	0.000000e+00	0.000000e+00	
107	1.000025e-03	5.000000e+00	0.000000e+00	0.000000e+00	
108	1.000025e-03	5.000000e+00	0.000000e+00	0.000000e+00	
109	1.000025e-03	5.000000e+00	0.000000e+00	0.000000e+00	
110	1.000025e-03	5.000000e+00	0.000000e+00	0.000000e+00	
111	1.000025e-03	5.000000e+00	0.000000e+00	0.000000e+00	
112	1.000025e-03	5.000000e+00	0.000000e+00	0.000000e+00	

Index   time            a0              a1              a2              
--------------------------------------------------------------------------------
113	1.000025e-03	5.000000e+00	0.000000e+00	0.000000e+00	
114	1.000025e-03	5.000000e+00	0.000000e+00	0.000000e+00	
115	1.000026e-03	5.000000e+00	0.000000e+00	0.000000e+00	
116	1.000026e-03	5.000000e+00	0.000000e+00	0.000000e+00	
117	1.000026e-03	5.000000e+00	0.000000e+00	0.000000e+00	
118	1.000026e-03	5.000000e+00	0.000000e+00	0.000000e+00	
119	1.000026e-03	5.000000e+00	0.000000e+00	0.000000e+00	
120	1.000027e-03	5.000000e+00	0.000000e+00	0.000000e+00	
121	1.000027e-03	5.000000e+00	0.000000e+00	0.000000e+00	
122	1.000027e-03	5.000000e+00	0.000000e+00	0.000000e+00	
123	1.000027e-03	5.000000e+00	0.000000e+00	0.000000e+00	
124	1.000027e-03	5.000000e+00	0.000000e+00	0.000000e+00	
125	1.000028e-03	5.000000e+00	0.000000e+00	0.000000e+00	
126	1.000029e-03	5.000000e+00	0.000000e+00	0.000000e+00	
127	1.000032e-03	5.000000e+00	0.000000e+00	0.000000e+00	
128	1.000037e-03	5.000000e+00	0.000000e+00	0.000000e+00	
129	1.000048e-03	5.000000e+00	0.000000e+00	0.000000e+00	
130	1.000069e-03	5.000000e+00	0.000000e+00	0.000000e+00	
131	1.000111e-03	5.000000e+00	0.000000e+00	0.000000e+00	
132	1.000195e-03	5.000000e+00	0.000000e+00	0.000000e+00	
133	1.000362e-03	5.000000e+00	0.000000e+00	0.000000e+00	
134	1.000698e-03	5.000000e+00	0.000000e+00	0.000000e+00	
135	1.001369e-03	5.000000e+00	0.000000e+00	0.000000e+00	
136	1.002711e-03	5.000000e+00	0.000000e+00	0.000000e+00	
137	1.005396e-03	5.000000e+00	0.000000e+00	0.000000e+00	
138	1.010764e-03	5.000000e+00	0.000000e+00	0.000000e+00	
139	1.021502e-03	5.000000e+00	0.000000e+00	0.000000e+00	
140	1.042976e-03	5.000000e+00	0.000000e+00	0.000000e+00	
141	1.085926e-03	5.000000e+00	0.000000e+00	0.000000e+00	
142	1.165926e-03	5.000000e+00	0.000000e+00	0.000000e+00	
143	1.245926e-03	5.000000e+00	0.000000e+00	0.000000e+00	
144	1.325926e-03	5.000000e+00	0.000000e+00	0.000000e+00	
145	1.405926e-03	5.000000e+00	0.000000e+00	0.000000e+00	
146	1.485926e-03	5.000000e+00	0.000000e+00	0.000000e+00	
147	1.565926e-03	5.000000e+00	0.000000e+00	0.000000e+00	
148	1.645926e-03	5.000000e+00	0.000000e+00	0.000000e+00	
149	1.725926e-03	5.000000e+00	0.000000e+00	0.000000e+00	
150	1.805926e-03	5.000000e+00	0.000000e+00	0.000000e+00	
151	1.885926e-03	5.000000e+00	0.000000e+00	0.000000e+00	
152	1.965926e-03	5.000000e+00	0.000000e+00	0.000000e+00	
153	2.000000e-03	5.000000e+00	0.000000e+00	0.000000e+00	
154	2.000001e-03	5.000000e+00	0.000000e+00	0.000000e+00	
155	2.000003e-03	5.000000e+00	0.000000e+00	0.000000e+00	
156	2.000007e-03	5.000000e+00	0.000000e+00	0.000000e+00	
157	2.000008e-03	5.000000e+00	0.000000e+00	0.000000e+00	
158	2.000008e-03	5.000000e+00	0.000000e+00	0.000000e+00	
159	2.000008e-03	5.000000e+00	0.000000e+00	0.000000e+00	
160	2.000008e-03	5.000000e+00	0.000000e+00	0.000000e+00	
161	2.000008e-03	5.000000e+00	0.000000e+00	0.000000e+00	
162	2.000008e-03	5.000000e+00	0.000000e+00	0.000000e+00	
163	2.000008e-03	5.000000e+00	0.000000e+00	0.000000e+00	
164	2.000008e-03	5.000000e+00	0.000000e+00	0.000000e+00	
165	2.000008e-03	5.000000e+00	0.000000e+00	0.000000e+00	
166	2.000008e-03	5.000000e+00	0.000000e+00	0.000000e+00	
167	2.000009e-03	5.000000e+00	0.000000e+00	0.000000e+00	
168	2.000009e-03	5.000000e+00	0.000000e+00	0.000000e+00	
169	2.000009e-03	5.000000e+00	0.000000e+00	0.000000e+00	
170	2.000009e-03	5.000000e+00	0.000000e+00	0.000000e+00	

Index   time            a0              a1              a2              
--------------------------------------------------------------------------------
171	2.000009e-03	5.000000e+00	0.000000e+00	0.000000e+00	
172	2.000010e-03	5.000000e+00	0.000000e+00	0.000000e+00	
173	2.000010e-03	5.000000e+00	0.000000e+00	0.000000e+00	
174	2.000010e-03	5.000000e+00	0.000000e+00	0.000000e+00	
175	2.000010e-03	5.000000e+00	0.000000e+00	0.000000e+00	
176	2.000010e-03	5.000000e+00	0.000000e+00	0.000000e+00	
177	2.000010e-03	5.000000e+00	0.000000e+00	0.000000e+00	
178	2.000010e-03	5.000000e+00	0.000000e+00	0.000000e+00	
179	2.000010e-03	5.000000e+00	0.000000e+00	0.000000e+00	
180	2.000010e-03	5.000000e+00	0.000000e+00	0.000000e+00	
181	2.000010e-03	5.000000e+00	0.000000e+00	0.000000e+00	
182	2.000010e-03	5.000000e+00	0.000000e+00	0.000000e+00	
183	2.000011e-03	5.000000e+00	0.000000e+00	0.000000e+00	
184	2.000011e-03	5.000000e+00	0.000000e+00	0.000000e+00	
185	2.000012e-03	5.000000e+00	0.000000e+00	0.000000e+00	
186	2.000012e-03	5.000000e+00	0.000000e+00	0.000000e+00	
187	2.000012e-03	5.000000e+00	0.000000e+00	0.000000e+00	
188	2.000013e-03	5.000000e+00	0.000000e+00	0.000000e+00	
189	2.000013e-03	5.000000e+00	0.000000e+00	0.000000e+00	
190	2.000013e-03	5.000000e+00	0.000000e+00	0.000000e+00	
191	2.000013e-03	5.000000e+00	0.000000e+00	0.000000e+00	
192	2.000013e-03	5.000000e+00	0.000000e+00	0.000000e+00	
193	2.000013e-03	5.000000e+00	0.000000e+00	0.000000e+00	
194	2.000013e-03	5.000000e+00	0.000000e+00	0.000000e+00	
195	2.000013e-03	5.000000e+00	0.000000e+00	0.000000e+00	
196	2.000013e-03	5.000000e+00	0.000000e+00	0.000000e+00	
197	2.000013e-03	5.000000e+00	0.000000e+00	0.000000e+00	
198	2.000013e-03	5.000000e+00	0.000000e+00	0.000000e+00	
199	2.000013e-03	5.000000e+00	0.000000e+00	0.000000e+00	
200	2.000013e-03	5.000000e+00	0.000000e+00	0.000000e+00	
201	2.000014e-03	5.000000e+00	0.000000e+00	0.000000e+00	
202	2.000014e-03	5.000000e+00	0.000000e+00	0.000000e+00	
203	2.000015e-03	5.000000e+00	0.000000e+00	0.000000e+00	
204	2.000017e-03	5.000000e+00	0.000000e+00	0.000000e+00	
205	2.000020e-03	5.000000e+00	0.000000e+00	0.000000e+00	
206	2.000020e-03	5.000000e+00	0.000000e+00	0.000000e+00	
207	2.000021e-03	5.000000e+00	0.000000e+00	0.000000e+00	
208	2.000022e-03	5.000000e+00	0.000000e+00	0.000000e+00	
209	2.000022e-03	5.000000e+00	0.000000e+00	0.000000e+00	
210	2.000022e-03	5.000000e+00	0.000000e+00	0.000000e+00	
211	2.000023e-03	5.000000e+00	0.000000e+00	0.000000e+00	
212	2.000023e-03	5.000000e+00	0.000000e+00	0.000000e+00	
213	2.000023e-03	5.000000e+00	0.000000e+00	0.000000e+00	
214	2.000023e-03	5.000000e+00	0.000000e+00	0.000000e+00	
215	2.000023e-03	5.000000e+00	0.000000e+00	0.000000e+00	
216	2.000023e-03	5.000000e+00	0.000000e+00	0.000000e+00	
217	2.000023e-03	5.000000e+00	0.000000e+00	0.000000e+00	
218	2.000023e-03	5.000000e+00	0.000000e+00	0.000000e+00	
219	2.000023e-03	5.000000e+00	0.000000e+00	0.000000e+00	
220	2.000023e-03	5.000000e+00	0.000000e+00	0.000000e+00	
221	2.000023e-03	5.000000e+00	0.000000e+00	0.000000e+00	
222	2.000023e-03	5.000000e+00	0.000000e+00	0.000000e+00	
223	2.000024e-03	5.000000e+00	0.000000e+00	0.000000e+00	
224	2.000024e-03	5.000000e+00	0.000000e+00	0.000000e+00	
225	2.000024e-03	5.000000e+00	0.000000e+00	0.000000e+00	
226	2.000025e-03	5.000000e+00	0.000000e+00	0.000000e+00	
227	2.000025e-03	5.000000e+00	0.000000e+00	0.000000e+00	
228	2.000025e-03	5.000000e+00	0.000000e+00	0.000000e+00	

Index   time            a0              a1              a2              
--------------------------------------------------------------------------------
229	2.000025e-03	5.000000e+00	0.000000e+00	0.000000e+00	
230	2.000025e-03	5.000000e+00	0.000000e+00	0.000000e+00	
231	2.000025e-03	5.000000e+00	0.000000e+00	0.000000e+00	
232	2.000025e-03	5.000000e+00	0.000000e+00	0.000000e+00	
233	2.000025e-03	5.000000e+00	0.000000e+00	0.000000e+00	
234	2.000025e-03	5.000000e+00	0.000000e+00	0.000000e+00	
235	2.000025e-03	5.000000e+00	0.000000e+00	0.000000e+00	
236	2.000026e-03	5.000000e+00	0.000000e+00	0.000000e+00	
237	2.000026e-03	5.000000e+00	0.000000e+00	0.000000e+00	
238	2.000026e-03	5.000000e+00	0.000000e+00	0.000000e+00	
239	2.000026e-03	5.000000e+00	0.000000e+00	0.000000e+00	
240	2.000026e-03	5.000000e+00	0.000000e+00	0.000000e+00	
241	2.000027e-03	5.000000e+00	0.000000e+00	0.000000e+00	
242	2.000027e-03	5.000000e+00	0.000000e+00	0.000000e+00	
243	2.000027e-03	5.000000e+00	0.000000e+00	0.000000e+00	
244	2.000027e-03	5.000000e+00	0.000000e+00	0.000000e+00	
245	2.000027e-03	5.000000e+00	0.000000e+00	0.000000e+00	
246	2.000028e-03	5.000000e+00	0.000000e+00	0.000000e+00	
247	2.000029e-03	5.000000e+00	0.000000e+00	0.000000e+00	
248	2.000032e-03	5.000000e+00	0.000000e+00	0.000000e+00	
249	2.000037e-03	5.000000e+00	0.000000e+00	0.000000e+00	
250	2.000048e-03	5.000000e+00	0.000000e+00	0.000000e+00	
251	2.000069e-03	5.000000e+00	0.000000e+00	0.000000e+00	
252	2.000111e-03	5.000000e+00	0.000000e+00	0.000000e+00	
253	2.000195e-03	5.000000e+00	0.000000e+00	0.000000e+00	
254	2.000362e-03	5.000000e+00	0.000000e+00	0.000000e+00	
255	2.000698e-03	5.000000e+00	0.000000e+00	0.000000e+00	
256	2.001369e-03	5.000000e+00	0.000000e+00	0.000000e+00	
257	2.002711e-03	5.000000e+00	0.000000e+00	0.000000e+00	
258	2.005396e-03	5.000000e+00	0.000000e+00	0.000000e+00	
259	2.010764e-03	5.000000e+00	0.000000e+00	0.000000e+00	
260	2.021502e-03	5.000000e+00	0.000000e+00	0.000000e+00	
261	2.042976e-03	5.000000e+00	0.000000e+00	0.000000e+00	
262	2.085926e-03	5.000000e+00	0.000000e+00	0.000000e+00	
263	2.165926e-03	5.000000e+00	0.000000e+00	0.000000e+00	
264	2.245926e-03	5.000000e+00	0.000000e+00	0.000000e+00	
265	2.325926e-03	5.000000e+00	0.000000e+00	0.000000e+00	
266	2.405926e-03	5.000000e+00	0.000000e+00	0.000000e+00	
267	2.485926e-03	5.000000e+00	0.000000e+00	0.000000e+00	
268	2.565926e-03	5.000000e+00	0.000000e+00	0.000000e+00	
269	2.645926e-03	5.000000e+00	0.000000e+00	0.000000e+00	
270	2.725926e-03	5.000000e+00	0.000000e+00	0.000000e+00	
271	2.805926e-03	5.000000e+00	0.000000e+00	0.000000e+00	
272	2.885926e-03	5.000000e+00	0.000000e+00	0.000000e+00	
273	2.965926e-03	5.000000e+00	0.000000e+00	0.000000e+00	
274	3.000010e-03	5.000000e+00	0.000000e+00	0.000000e+00	
275	3.000011e-03	5.000000e+00	0.000000e+00	0.000000e+00	
276	3.000013e-03	5.000000e+00	0.000000e+00	0.000000e+00	
277	3.000017e-03	5.000000e+00	0.000000e+00	0.000000e+00	
278	3.000020e-03	5.000000e+00	0.000000e+00	0.000000e+00	
279	3.000021e-03	5.000000e+00	0.000000e+00	0.000000e+00	
280	3.000022e-03	5.000000e+00	0.000000e+00	0.000000e+00	
281	3.000022e-03	5.000000e+00	0.000000e+00	0.000000e+00	
282	3.000022e-03	5.000000e+00	0.000000e+00	0.000000e+00	
283	3.000023e-03	5.000000e+00	0.000000e+00	0.000000e+00	
284	3.000023e-03	5.000000e+00	0.000000e+00	0.000000e+00	
285	3.000023e-03	5.000000e+00	0.000000e+00	0.000000e+00	
286	3.000023e-03	5.000000e+00	0.000000e+00	0.000000e+00	

Index   time            a0              a1              a2              
--------------------------------------------------------------------------------
287	3.000023e-03	5.000000e+00	0.000000e+00	0.000000e+00	
288	3.000023e-03	5.000000e+00	0.000000e+00	0.000000e+00	
289	3.000023e-03	5.000000e+00	0.000000e+00	0.000000e+00	
290	3.000023e-03	5.000000e+00	0.000000e+00	0.000000e+00	
291	3.000023e-03	5.000000e+00	0.000000e+00	0.000000e+00	
292	3.000023e-03	5.000000e+00	0.000000e+00	0.000000e+00	
293	3.000023e-03	5.000000e+00	0.000000e+00	0.000000e+00	
294	3.000023e-03	5.000000e+00	0.000000e+00	0.000000e+00	
295	3.000023e-03	5.000000e+00	0.000000e+00	0.000000e+00	
296	3.000024e-03	5.000000e+00	0.000000e+00	0.000000e+00	
297	3.000024e-03	5.000000e+00	0.000000e+00	0.000000e+00	
298	3.000025e-03	5.000000e+00	0.000000e+00	0.000000e+00	
299	3.000025e-03	5.000000e+00	0.000000e+00	0.000000e+00	
300	3.000025e-03	5.000000e+00	0.000000e+00	0.000000e+00	
301	3.000025e-03	5.000000e+00	0.000000e+00	0.000000e+00	
302	3.000025e-03	5.000000e+00	0.000000e+00	0.000000e+00	
303	3.000025e-03	5.000000e+00	0.000000e+00	0.000000e+00	
304	3.000025e-03	5.000000e+00	0.000000e+00	0.000000e+00	
305	3.000025e-03	5.000000e+00	0.000000e+00	0.000000e+00	
306	3.000025e-03	5.000000e+00	0.000000e+00	0.000000e+00	
307	3.000025e-03	5.000000e+00	0.000000e+00	0.000000e+00	
308	3.000026e-03	5.000000e+00	0.000000e+00	0.000000e+00	
309	3.000026e-03	5.000000e+00	0.000000e+00	0.000000e+00	
310	3.000026e-03	5.000000e+00	0.000000e+00	0.000000e+00	
311	3.000026e-03	5.000000e+00	0.000000e+00	0.000000e+00	
312	3.000026e-03	5.000000e+00	0.000000e+00	0.000000e+00	
313	3.000027e-03	5.000000e+00	0.000000e+00	0.000000e+00	
314	3.000027e-03	5.000000e+00	0.000000e+00	0.000000e+00	
315	3.000027e-03	5.000000e+00	0.000000e+00	0.000000e+00	
316	3.000027e-03	5.000000e+00	0.000000e+00	0.000000e+00	
317	3.000027e-03	5.000000e+00	0.000000e+00	0.000000e+00	
318	3.000028e-03	5.000000e+00	0.000000e+00	0.000000e+00	
319	3.000029e-03	5.000000e+00	0.000000e+00	0.000000e+00	
320	3.000032e-03	5.000000e+00	0.000000e+00	0.000000e+00	
321	3.000037e-03	5.000000e+00	0.000000e+00	0.000000e+00	
322	3.000048e-03	5.000000e+00	0.000000e+00	0.000000e+00	
323	3.000069e-03	5.000000e+00	0.000000e+00	0.000000e+00	
324	3.000111e-03	5.000000e+00	0.000000e+00	0.000000e+00	
325	3.000195e-03	5.000000e+00	0.000000e+00	0.000000e+00	
326	3.000362e-03	5.000000e+00	0.000000e+00	0.000000e+00	
327	3.000698e-03	5.000000e+00	0.000000e+00	0.000000e+00	
328	3.001369e-03	5.000000e+00	0.000000e+00	0.000000e+00	
329	3.002711e-03	5.000000e+00	0.000000e+00	0.000000e+00	
330	3.005396e-03	5.000000e+00	0.000000e+00	0.000000e+00	
331	3.010764e-03	5.000000e+00	0.000000e+00	0.000000e+00	
332	3.021502e-03	5.000000e+00	0.000000e+00	0.000000e+00	
333	3.042976e-03	5.000000e+00	0.000000e+00	0.000000e+00	
334	3.085926e-03	5.000000e+00	0.000000e+00	0.000000e+00	
335	3.165926e-03	5.000000e+00	0.000000e+00	0.000000e+00	
336	3.245926e-03	5.000000e+00	0.000000e+00	0.000000e+00	
337	3.325926e-03	5.000000e+00	0.000000e+00	0.000000e+00	
338	3.405926e-03	5.000000e+00	0.000000e+00	0.000000e+00	
339	3.485926e-03	5.000000e+00	0.000000e+00	0.000000e+00	
340	3.565926e-03	5.000000e+00	0.000000e+00	0.000000e+00	
341	3.645926e-03	5.000000e+00	0.000000e+00	0.000000e+00	
342	3.725926e-03	5.000000e+00	0.000000e+00	0.000000e+00	
343	3.805926e-03	5.000000e+00	0.000000e+00	0.000000e+00	
344	3.885926e-03	5.000000e+00	0.000000e+00	0.000000e+00	

Index   time            a0              a1              a2              
--------------------------------------------------------------------------------
345	3.965926e-03	5.000000e+00	0.000000e+00	0.000000e+00	
346	4.000000e-03	5.000000e+00	0.000000e+00	0.000000e+00	

                                kicad schematic
                                Transient Analysis  Sat Sep 13 16:43:48  2025
--------------------------------------------------------------------------------
Index   time            a3              s0              s1              
--------------------------------------------------------------------------------
0	0.000000e+00	5.000000e+00	0.000000e+00	0.000000e+00	
1	1.000000e-10	5.000000e+00	5.000000e-02	5.000000e-02	
2	2.000000e-10	5.000000e+00	1.000000e-01	1.000000e-01	
3	4.000000e-10	5.000000e+00	2.000000e-01	2.000000e-01	
4	8.000000e-10	5.000000e+00	4.000000e-01	4.000000e-01	
5	1.600000e-09	5.000000e+00	8.000000e-01	8.000000e-01	
6	3.200000e-09	5.000000e+00	1.600000e+00	1.600000e+00	
7	6.400000e-09	5.000000e+00	3.200000e+00	3.200000e+00	
8	8.200000e-09	5.000000e+00	4.100000e+00	4.100000e+00	
9	8.210000e-09	5.000000e+00	4.105000e+00	4.105000e+00	
10	8.230000e-09	5.000000e+00	4.115000e+00	4.115000e+00	
11	8.270000e-09	5.000000e+00	4.135000e+00	4.135000e+00	
12	8.300000e-09	5.000000e+00	4.150000e+00	4.150000e+00	
13	8.308000e-09	5.000000e+00	4.154000e+00	4.154000e+00	
14	8.324000e-09	5.000000e+00	4.162000e+00	4.162000e+00	
15	8.356000e-09	5.000000e+00	4.178000e+00	4.178000e+00	
16	8.420000e-09	5.000000e+00	4.210000e+00	4.210000e+00	
17	8.548000e-09	5.000000e+00	4.274000e+00	4.274000e+00	
18	8.804000e-09	5.000000e+00	4.402000e+00	4.402000e+00	
19	9.200000e-09	5.000000e+00	4.600000e+00	4.600000e+00	
20	9.251200e-09	5.000000e+00	4.625600e+00	4.625600e+00	
21	9.353600e-09	5.000000e+00	4.676800e+00	4.676800e+00	
22	9.558400e-09	5.000000e+00	4.779200e+00	4.779200e+00	
23	9.968000e-09	5.000000e+00	4.984000e+00	4.984000e+00	
24	1.000000e-08	5.000000e+00	5.000000e+00	5.000000e+00	
25	1.001000e-08	5.000000e+00	5.000000e+00	5.000000e+00	
26	1.003000e-08	5.000000e+00	5.000000e+00	5.000000e+00	
27	1.007000e-08	5.000000e+00	5.000000e+00	5.000000e+00	
28	1.010000e-08	5.000000e+00	5.000000e+00	5.000000e+00	
29	1.010800e-08	5.000000e+00	5.000000e+00	5.000000e+00	
30	1.012400e-08	5.000000e+00	5.000000e+00	5.000000e+00	
31	1.015600e-08	5.000000e+00	5.000000e+00	5.000000e+00	
32	1.022000e-08	5.000000e+00	5.000000e+00	5.000000e+00	
33	1.034800e-08	5.000000e+00	5.000000e+00	5.000000e+00	
34	1.060400e-08	5.000000e+00	5.000000e+00	5.000000e+00	
35	1.111600e-08	5.000000e+00	5.000000e+00	5.000000e+00	
36	1.140000e-08	5.000000e+00	5.000000e+00	5.000000e+00	
37	1.149000e-08	5.000000e+00	5.000000e+00	5.000000e+00	
38	1.167000e-08	5.000000e+00	5.000000e+00	5.000000e+00	
39	1.203000e-08	5.000000e+00	5.000000e+00	5.000000e+00	
40	1.230000e-08	5.000000e+00	5.000000e+00	5.000000e+00	
41	1.237200e-08	5.000000e+00	5.000000e+00	5.000000e+00	
42	1.240000e-08	5.000000e+00	5.000000e+00	5.000000e+00	
43	1.241000e-08	5.000000e+00	5.000000e+00	5.000000e+00	
44	1.243000e-08	5.000000e+00	5.000000e+00	5.000000e+00	
45	1.247000e-08	5.000000e+00	5.000000e+00	5.000000e+00	
46	1.250000e-08	5.000000e+00	5.000000e+00	5.000000e+00	
47	1.250800e-08	5.000000e+00	5.000000e+00	5.000000e+00	
48	1.252400e-08	5.000000e+00	5.000000e+00	5.000000e+00	
49	1.255600e-08	5.000000e+00	5.000000e+00	5.000000e+00	
50	1.262000e-08	5.000000e+00	5.000000e+00	5.000000e+00	
51	1.274800e-08	5.000000e+00	5.000000e+00	5.000000e+00	
52	1.300400e-08	5.000000e+00	5.000000e+00	5.000000e+00	
53	1.351600e-08	5.000000e+00	5.000000e+00	5.000000e+00	
54	1.454000e-08	5.000000e+00	5.000000e+00	5.000000e+00	

Index   time            a3              s0              s1              
--------------------------------------------------------------------------------
55	1.658800e-08	5.000000e+00	5.000000e+00	5.000000e+00	
56	2.068400e-08	5.000000e+00	5.000000e+00	5.000000e+00	
57	2.887600e-08	5.000000e+00	5.000000e+00	5.000000e+00	
58	4.526000e-08	5.000000e+00	5.000000e+00	5.000000e+00	
59	7.802800e-08	5.000000e+00	5.000000e+00	5.000000e+00	
60	1.435640e-07	5.000000e+00	5.000000e+00	5.000000e+00	
61	2.746360e-07	5.000000e+00	5.000000e+00	5.000000e+00	
62	5.367800e-07	5.000000e+00	5.000000e+00	5.000000e+00	
63	1.061068e-06	5.000000e+00	5.000000e+00	5.000000e+00	
64	2.109644e-06	5.000000e+00	5.000000e+00	5.000000e+00	
65	4.206796e-06	5.000000e+00	5.000000e+00	5.000000e+00	
66	8.401100e-06	5.000000e+00	5.000000e+00	5.000000e+00	
67	1.678971e-05	5.000000e+00	5.000000e+00	5.000000e+00	
68	3.356692e-05	5.000000e+00	5.000000e+00	5.000000e+00	
69	6.712136e-05	5.000000e+00	5.000000e+00	5.000000e+00	
70	1.342302e-04	5.000000e+00	5.000000e+00	5.000000e+00	
71	2.142302e-04	5.000000e+00	5.000000e+00	5.000000e+00	
72	2.942302e-04	5.000000e+00	5.000000e+00	5.000000e+00	
73	3.742302e-04	5.000000e+00	5.000000e+00	5.000000e+00	
74	4.542302e-04	5.000000e+00	5.000000e+00	5.000000e+00	
75	5.342302e-04	5.000000e+00	5.000000e+00	5.000000e+00	
76	6.142302e-04	5.000000e+00	5.000000e+00	5.000000e+00	
77	6.942302e-04	5.000000e+00	5.000000e+00	5.000000e+00	
78	7.742302e-04	5.000000e+00	5.000000e+00	5.000000e+00	
79	8.542302e-04	5.000000e+00	5.000000e+00	5.000000e+00	
80	9.342302e-04	5.000000e+00	5.000000e+00	5.000000e+00	
81	1.000010e-03	5.000000e+00	5.000000e+00	5.000000e+00	
82	1.000011e-03	5.000000e+00	4.500000e+00	5.000000e+00	
83	1.000013e-03	5.000000e+00	3.500000e+00	5.000000e+00	
84	1.000017e-03	5.000000e+00	1.500000e+00	5.000000e+00	
85	1.000020e-03	5.000000e+00	0.000000e+00	5.000000e+00	
86	1.000021e-03	5.000000e+00	0.000000e+00	5.000000e+00	
87	1.000022e-03	5.000000e+00	0.000000e+00	5.000000e+00	
88	1.000022e-03	5.000000e+00	0.000000e+00	5.000000e+00	
89	1.000022e-03	5.000000e+00	0.000000e+00	5.000000e+00	
90	1.000023e-03	5.000000e+00	0.000000e+00	5.000000e+00	
91	1.000023e-03	5.000000e+00	0.000000e+00	5.000000e+00	
92	1.000023e-03	5.000000e+00	0.000000e+00	5.000000e+00	
93	1.000023e-03	5.000000e+00	0.000000e+00	5.000000e+00	
94	1.000023e-03	5.000000e+00	0.000000e+00	5.000000e+00	
95	1.000023e-03	5.000000e+00	0.000000e+00	5.000000e+00	
96	1.000023e-03	5.000000e+00	0.000000e+00	5.000000e+00	
97	1.000023e-03	5.000000e+00	0.000000e+00	5.000000e+00	
98	1.000023e-03	5.000000e+00	0.000000e+00	5.000000e+00	
99	1.000023e-03	5.000000e+00	0.000000e+00	5.000000e+00	
100	1.000023e-03	5.000000e+00	0.000000e+00	5.000000e+00	
101	1.000023e-03	5.000000e+00	0.000000e+00	5.000000e+00	
102	1.000023e-03	5.000000e+00	0.000000e+00	5.000000e+00	
103	1.000024e-03	5.000000e+00	0.000000e+00	5.000000e+00	
104	1.000024e-03	5.000000e+00	0.000000e+00	5.000000e+00	
105	1.000025e-03	5.000000e+00	0.000000e+00	5.000000e+00	
106	1.000025e-03	5.000000e+00	0.000000e+00	5.000000e+00	
107	1.000025e-03	5.000000e+00	0.000000e+00	5.000000e+00	
108	1.000025e-03	5.000000e+00	0.000000e+00	5.000000e+00	
109	1.000025e-03	5.000000e+00	0.000000e+00	5.000000e+00	
110	1.000025e-03	5.000000e+00	0.000000e+00	5.000000e+00	
111	1.000025e-03	5.000000e+00	0.000000e+00	5.000000e+00	
112	1.000025e-03	5.000000e+00	0.000000e+00	5.000000e+00	

Index   time            a3              s0              s1              
--------------------------------------------------------------------------------
113	1.000025e-03	5.000000e+00	0.000000e+00	5.000000e+00	
114	1.000025e-03	5.000000e+00	0.000000e+00	5.000000e+00	
115	1.000026e-03	5.000000e+00	0.000000e+00	5.000000e+00	
116	1.000026e-03	5.000000e+00	0.000000e+00	5.000000e+00	
117	1.000026e-03	5.000000e+00	0.000000e+00	5.000000e+00	
118	1.000026e-03	5.000000e+00	0.000000e+00	5.000000e+00	
119	1.000026e-03	5.000000e+00	0.000000e+00	5.000000e+00	
120	1.000027e-03	5.000000e+00	0.000000e+00	5.000000e+00	
121	1.000027e-03	5.000000e+00	0.000000e+00	5.000000e+00	
122	1.000027e-03	5.000000e+00	0.000000e+00	5.000000e+00	
123	1.000027e-03	5.000000e+00	0.000000e+00	5.000000e+00	
124	1.000027e-03	5.000000e+00	0.000000e+00	5.000000e+00	
125	1.000028e-03	5.000000e+00	0.000000e+00	5.000000e+00	
126	1.000029e-03	5.000000e+00	0.000000e+00	5.000000e+00	
127	1.000032e-03	5.000000e+00	0.000000e+00	5.000000e+00	
128	1.000037e-03	5.000000e+00	0.000000e+00	5.000000e+00	
129	1.000048e-03	5.000000e+00	0.000000e+00	5.000000e+00	
130	1.000069e-03	5.000000e+00	0.000000e+00	5.000000e+00	
131	1.000111e-03	5.000000e+00	0.000000e+00	5.000000e+00	
132	1.000195e-03	5.000000e+00	0.000000e+00	5.000000e+00	
133	1.000362e-03	5.000000e+00	0.000000e+00	5.000000e+00	
134	1.000698e-03	5.000000e+00	0.000000e+00	5.000000e+00	
135	1.001369e-03	5.000000e+00	0.000000e+00	5.000000e+00	
136	1.002711e-03	5.000000e+00	0.000000e+00	5.000000e+00	
137	1.005396e-03	5.000000e+00	0.000000e+00	5.000000e+00	
138	1.010764e-03	5.000000e+00	0.000000e+00	5.000000e+00	
139	1.021502e-03	5.000000e+00	0.000000e+00	5.000000e+00	
140	1.042976e-03	5.000000e+00	0.000000e+00	5.000000e+00	
141	1.085926e-03	5.000000e+00	0.000000e+00	5.000000e+00	
142	1.165926e-03	5.000000e+00	0.000000e+00	5.000000e+00	
143	1.245926e-03	5.000000e+00	0.000000e+00	5.000000e+00	
144	1.325926e-03	5.000000e+00	0.000000e+00	5.000000e+00	
145	1.405926e-03	5.000000e+00	0.000000e+00	5.000000e+00	
146	1.485926e-03	5.000000e+00	0.000000e+00	5.000000e+00	
147	1.565926e-03	5.000000e+00	0.000000e+00	5.000000e+00	
148	1.645926e-03	5.000000e+00	0.000000e+00	5.000000e+00	
149	1.725926e-03	5.000000e+00	0.000000e+00	5.000000e+00	
150	1.805926e-03	5.000000e+00	0.000000e+00	5.000000e+00	
151	1.885926e-03	5.000000e+00	0.000000e+00	5.000000e+00	
152	1.965926e-03	5.000000e+00	0.000000e+00	5.000000e+00	
153	2.000000e-03	5.000000e+00	0.000000e+00	5.000000e+00	
154	2.000001e-03	5.000000e+00	5.000000e-01	5.000000e+00	
155	2.000003e-03	5.000000e+00	1.500000e+00	5.000000e+00	
156	2.000007e-03	5.000000e+00	3.500000e+00	5.000000e+00	
157	2.000008e-03	5.000000e+00	4.000000e+00	5.000000e+00	
158	2.000008e-03	5.000000e+00	4.005000e+00	5.000000e+00	
159	2.000008e-03	5.000000e+00	4.015000e+00	5.000000e+00	
160	2.000008e-03	5.000000e+00	4.035000e+00	5.000000e+00	
161	2.000008e-03	5.000000e+00	4.050000e+00	5.000000e+00	
162	2.000008e-03	5.000000e+00	4.054000e+00	5.000000e+00	
163	2.000008e-03	5.000000e+00	4.062000e+00	5.000000e+00	
164	2.000008e-03	5.000000e+00	4.078000e+00	5.000000e+00	
165	2.000008e-03	5.000000e+00	4.110000e+00	5.000000e+00	
166	2.000008e-03	5.000000e+00	4.174000e+00	5.000000e+00	
167	2.000009e-03	5.000000e+00	4.302000e+00	5.000000e+00	
168	2.000009e-03	5.000000e+00	4.500000e+00	5.000000e+00	
169	2.000009e-03	5.000000e+00	4.525600e+00	5.000000e+00	
170	2.000009e-03	5.000000e+00	4.576800e+00	5.000000e+00	

Index   time            a3              s0              s1              
--------------------------------------------------------------------------------
171	2.000009e-03	5.000000e+00	4.679200e+00	5.000000e+00	
172	2.000010e-03	5.000000e+00	4.884000e+00	5.000000e+00	
173	2.000010e-03	5.000000e+00	4.950000e+00	5.000000e+00	
174	2.000010e-03	5.000000e+00	4.955000e+00	5.000000e+00	
175	2.000010e-03	5.000000e+00	4.965000e+00	5.000000e+00	
176	2.000010e-03	5.000000e+00	4.985000e+00	5.000000e+00	
177	2.000010e-03	5.000000e+00	5.000000e+00	5.000000e+00	
178	2.000010e-03	5.000000e+00	5.000000e+00	4.996000e+00	
179	2.000010e-03	5.000000e+00	5.000000e+00	4.988000e+00	
180	2.000010e-03	5.000000e+00	5.000000e+00	4.972000e+00	
181	2.000010e-03	5.000000e+00	5.000000e+00	4.940000e+00	
182	2.000010e-03	5.000000e+00	5.000000e+00	4.876000e+00	
183	2.000011e-03	5.000000e+00	5.000000e+00	4.748000e+00	
184	2.000011e-03	5.000000e+00	5.000000e+00	4.492000e+00	
185	2.000012e-03	5.000000e+00	5.000000e+00	4.000000e+00	
186	2.000012e-03	5.000000e+00	5.000000e+00	3.955000e+00	
187	2.000012e-03	5.000000e+00	5.000000e+00	3.865000e+00	
188	2.000013e-03	5.000000e+00	5.000000e+00	3.685000e+00	
189	2.000013e-03	5.000000e+00	5.000000e+00	3.550000e+00	
190	2.000013e-03	5.000000e+00	5.000000e+00	3.514000e+00	
191	2.000013e-03	5.000000e+00	5.000000e+00	3.500000e+00	
192	2.000013e-03	5.000000e+00	5.000000e+00	3.495000e+00	
193	2.000013e-03	5.000000e+00	5.000000e+00	3.485000e+00	
194	2.000013e-03	5.000000e+00	5.000000e+00	3.465000e+00	
195	2.000013e-03	5.000000e+00	5.000000e+00	3.450000e+00	
196	2.000013e-03	5.000000e+00	5.000000e+00	3.446000e+00	
197	2.000013e-03	5.000000e+00	5.000000e+00	3.438000e+00	
198	2.000013e-03	5.000000e+00	5.000000e+00	3.422000e+00	
199	2.000013e-03	5.000000e+00	5.000000e+00	3.390000e+00	
200	2.000013e-03	5.000000e+00	5.000000e+00	3.326000e+00	
201	2.000014e-03	5.000000e+00	5.000000e+00	3.198000e+00	
202	2.000014e-03	5.000000e+00	5.000000e+00	2.942000e+00	
203	2.000015e-03	5.000000e+00	5.000000e+00	2.430000e+00	
204	2.000017e-03	5.000000e+00	5.000000e+00	1.406000e+00	
205	2.000020e-03	5.000000e+00	5.000000e+00	0.000000e+00	
206	2.000020e-03	5.000000e+00	5.000000e+00	0.000000e+00	
207	2.000021e-03	5.000000e+00	5.000000e+00	0.000000e+00	
208	2.000022e-03	5.000000e+00	5.000000e+00	0.000000e+00	
209	2.000022e-03	5.000000e+00	5.000000e+00	0.000000e+00	
210	2.000022e-03	5.000000e+00	5.000000e+00	0.000000e+00	
211	2.000023e-03	5.000000e+00	5.000000e+00	0.000000e+00	
212	2.000023e-03	5.000000e+00	5.000000e+00	0.000000e+00	
213	2.000023e-03	5.000000e+00	5.000000e+00	0.000000e+00	
214	2.000023e-03	5.000000e+00	5.000000e+00	0.000000e+00	
215	2.000023e-03	5.000000e+00	5.000000e+00	0.000000e+00	
216	2.000023e-03	5.000000e+00	5.000000e+00	0.000000e+00	
217	2.000023e-03	5.000000e+00	5.000000e+00	0.000000e+00	
218	2.000023e-03	5.000000e+00	5.000000e+00	0.000000e+00	
219	2.000023e-03	5.000000e+00	5.000000e+00	0.000000e+00	
220	2.000023e-03	5.000000e+00	5.000000e+00	0.000000e+00	
221	2.000023e-03	5.000000e+00	5.000000e+00	0.000000e+00	
222	2.000023e-03	5.000000e+00	5.000000e+00	0.000000e+00	
223	2.000024e-03	5.000000e+00	5.000000e+00	0.000000e+00	
224	2.000024e-03	5.000000e+00	5.000000e+00	0.000000e+00	
225	2.000024e-03	5.000000e+00	5.000000e+00	0.000000e+00	
226	2.000025e-03	5.000000e+00	5.000000e+00	0.000000e+00	
227	2.000025e-03	5.000000e+00	5.000000e+00	0.000000e+00	
228	2.000025e-03	5.000000e+00	5.000000e+00	0.000000e+00	

Index   time            a3              s0              s1              
--------------------------------------------------------------------------------
229	2.000025e-03	5.000000e+00	5.000000e+00	0.000000e+00	
230	2.000025e-03	5.000000e+00	5.000000e+00	0.000000e+00	
231	2.000025e-03	5.000000e+00	5.000000e+00	0.000000e+00	
232	2.000025e-03	5.000000e+00	5.000000e+00	0.000000e+00	
233	2.000025e-03	5.000000e+00	5.000000e+00	0.000000e+00	
234	2.000025e-03	5.000000e+00	5.000000e+00	0.000000e+00	
235	2.000025e-03	5.000000e+00	5.000000e+00	0.000000e+00	
236	2.000026e-03	5.000000e+00	5.000000e+00	0.000000e+00	
237	2.000026e-03	5.000000e+00	5.000000e+00	0.000000e+00	
238	2.000026e-03	5.000000e+00	5.000000e+00	0.000000e+00	
239	2.000026e-03	5.000000e+00	5.000000e+00	0.000000e+00	
240	2.000026e-03	5.000000e+00	5.000000e+00	0.000000e+00	
241	2.000027e-03	5.000000e+00	5.000000e+00	0.000000e+00	
242	2.000027e-03	5.000000e+00	5.000000e+00	0.000000e+00	
243	2.000027e-03	5.000000e+00	5.000000e+00	0.000000e+00	
244	2.000027e-03	5.000000e+00	5.000000e+00	0.000000e+00	
245	2.000027e-03	5.000000e+00	5.000000e+00	0.000000e+00	
246	2.000028e-03	5.000000e+00	5.000000e+00	0.000000e+00	
247	2.000029e-03	5.000000e+00	5.000000e+00	0.000000e+00	
248	2.000032e-03	5.000000e+00	5.000000e+00	0.000000e+00	
249	2.000037e-03	5.000000e+00	5.000000e+00	0.000000e+00	
250	2.000048e-03	5.000000e+00	5.000000e+00	0.000000e+00	
251	2.000069e-03	5.000000e+00	5.000000e+00	0.000000e+00	
252	2.000111e-03	5.000000e+00	5.000000e+00	0.000000e+00	
253	2.000195e-03	5.000000e+00	5.000000e+00	0.000000e+00	
254	2.000362e-03	5.000000e+00	5.000000e+00	0.000000e+00	
255	2.000698e-03	5.000000e+00	5.000000e+00	0.000000e+00	
256	2.001369e-03	5.000000e+00	5.000000e+00	0.000000e+00	
257	2.002711e-03	5.000000e+00	5.000000e+00	0.000000e+00	
258	2.005396e-03	5.000000e+00	5.000000e+00	0.000000e+00	
259	2.010764e-03	5.000000e+00	5.000000e+00	0.000000e+00	
260	2.021502e-03	5.000000e+00	5.000000e+00	0.000000e+00	
261	2.042976e-03	5.000000e+00	5.000000e+00	0.000000e+00	
262	2.085926e-03	5.000000e+00	5.000000e+00	0.000000e+00	
263	2.165926e-03	5.000000e+00	5.000000e+00	0.000000e+00	
264	2.245926e-03	5.000000e+00	5.000000e+00	0.000000e+00	
265	2.325926e-03	5.000000e+00	5.000000e+00	0.000000e+00	
266	2.405926e-03	5.000000e+00	5.000000e+00	0.000000e+00	
267	2.485926e-03	5.000000e+00	5.000000e+00	0.000000e+00	
268	2.565926e-03	5.000000e+00	5.000000e+00	0.000000e+00	
269	2.645926e-03	5.000000e+00	5.000000e+00	0.000000e+00	
270	2.725926e-03	5.000000e+00	5.000000e+00	0.000000e+00	
271	2.805926e-03	5.000000e+00	5.000000e+00	0.000000e+00	
272	2.885926e-03	5.000000e+00	5.000000e+00	0.000000e+00	
273	2.965926e-03	5.000000e+00	5.000000e+00	0.000000e+00	
274	3.000010e-03	5.000000e+00	5.000000e+00	0.000000e+00	
275	3.000011e-03	5.000000e+00	4.500000e+00	0.000000e+00	
276	3.000013e-03	5.000000e+00	3.500000e+00	0.000000e+00	
277	3.000017e-03	5.000000e+00	1.500000e+00	0.000000e+00	
278	3.000020e-03	5.000000e+00	0.000000e+00	0.000000e+00	
279	3.000021e-03	5.000000e+00	0.000000e+00	0.000000e+00	
280	3.000022e-03	5.000000e+00	0.000000e+00	0.000000e+00	
281	3.000022e-03	5.000000e+00	0.000000e+00	0.000000e+00	
282	3.000022e-03	5.000000e+00	0.000000e+00	0.000000e+00	
283	3.000023e-03	5.000000e+00	0.000000e+00	0.000000e+00	
284	3.000023e-03	5.000000e+00	0.000000e+00	0.000000e+00	
285	3.000023e-03	5.000000e+00	0.000000e+00	0.000000e+00	
286	3.000023e-03	5.000000e+00	0.000000e+00	0.000000e+00	

Index   time            a3              s0              s1              
--------------------------------------------------------------------------------
287	3.000023e-03	5.000000e+00	0.000000e+00	0.000000e+00	
288	3.000023e-03	5.000000e+00	0.000000e+00	0.000000e+00	
289	3.000023e-03	5.000000e+00	0.000000e+00	0.000000e+00	
290	3.000023e-03	5.000000e+00	0.000000e+00	0.000000e+00	
291	3.000023e-03	5.000000e+00	0.000000e+00	0.000000e+00	
292	3.000023e-03	5.000000e+00	0.000000e+00	0.000000e+00	
293	3.000023e-03	5.000000e+00	0.000000e+00	0.000000e+00	
294	3.000023e-03	5.000000e+00	0.000000e+00	0.000000e+00	
295	3.000023e-03	5.000000e+00	0.000000e+00	0.000000e+00	
296	3.000024e-03	5.000000e+00	0.000000e+00	0.000000e+00	
297	3.000024e-03	5.000000e+00	0.000000e+00	0.000000e+00	
298	3.000025e-03	5.000000e+00	0.000000e+00	0.000000e+00	
299	3.000025e-03	5.000000e+00	0.000000e+00	0.000000e+00	
300	3.000025e-03	5.000000e+00	0.000000e+00	0.000000e+00	
301	3.000025e-03	5.000000e+00	0.000000e+00	0.000000e+00	
302	3.000025e-03	5.000000e+00	0.000000e+00	0.000000e+00	
303	3.000025e-03	5.000000e+00	0.000000e+00	0.000000e+00	
304	3.000025e-03	5.000000e+00	0.000000e+00	0.000000e+00	
305	3.000025e-03	5.000000e+00	0.000000e+00	0.000000e+00	
306	3.000025e-03	5.000000e+00	0.000000e+00	0.000000e+00	
307	3.000025e-03	5.000000e+00	0.000000e+00	0.000000e+00	
308	3.000026e-03	5.000000e+00	0.000000e+00	0.000000e+00	
309	3.000026e-03	5.000000e+00	0.000000e+00	0.000000e+00	
310	3.000026e-03	5.000000e+00	0.000000e+00	0.000000e+00	
311	3.000026e-03	5.000000e+00	0.000000e+00	0.000000e+00	
312	3.000026e-03	5.000000e+00	0.000000e+00	0.000000e+00	
313	3.000027e-03	5.000000e+00	0.000000e+00	0.000000e+00	
314	3.000027e-03	5.000000e+00	0.000000e+00	0.000000e+00	
315	3.000027e-03	5.000000e+00	0.000000e+00	0.000000e+00	
316	3.000027e-03	5.000000e+00	0.000000e+00	0.000000e+00	
317	3.000027e-03	5.000000e+00	0.000000e+00	0.000000e+00	
318	3.000028e-03	5.000000e+00	0.000000e+00	0.000000e+00	
319	3.000029e-03	5.000000e+00	0.000000e+00	0.000000e+00	
320	3.000032e-03	5.000000e+00	0.000000e+00	0.000000e+00	
321	3.000037e-03	5.000000e+00	0.000000e+00	0.000000e+00	
322	3.000048e-03	5.000000e+00	0.000000e+00	0.000000e+00	
323	3.000069e-03	5.000000e+00	0.000000e+00	0.000000e+00	
324	3.000111e-03	5.000000e+00	0.000000e+00	0.000000e+00	
325	3.000195e-03	5.000000e+00	0.000000e+00	0.000000e+00	
326	3.000362e-03	5.000000e+00	0.000000e+00	0.000000e+00	
327	3.000698e-03	5.000000e+00	0.000000e+00	0.000000e+00	
328	3.001369e-03	5.000000e+00	0.000000e+00	0.000000e+00	
329	3.002711e-03	5.000000e+00	0.000000e+00	0.000000e+00	
330	3.005396e-03	5.000000e+00	0.000000e+00	0.000000e+00	
331	3.010764e-03	5.000000e+00	0.000000e+00	0.000000e+00	
332	3.021502e-03	5.000000e+00	0.000000e+00	0.000000e+00	
333	3.042976e-03	5.000000e+00	0.000000e+00	0.000000e+00	
334	3.085926e-03	5.000000e+00	0.000000e+00	0.000000e+00	
335	3.165926e-03	5.000000e+00	0.000000e+00	0.000000e+00	
336	3.245926e-03	5.000000e+00	0.000000e+00	0.000000e+00	
337	3.325926e-03	5.000000e+00	0.000000e+00	0.000000e+00	
338	3.405926e-03	5.000000e+00	0.000000e+00	0.000000e+00	
339	3.485926e-03	5.000000e+00	0.000000e+00	0.000000e+00	
340	3.565926e-03	5.000000e+00	0.000000e+00	0.000000e+00	
341	3.645926e-03	5.000000e+00	0.000000e+00	0.000000e+00	
342	3.725926e-03	5.000000e+00	0.000000e+00	0.000000e+00	
343	3.805926e-03	5.000000e+00	0.000000e+00	0.000000e+00	
344	3.885926e-03	5.000000e+00	0.000000e+00	0.000000e+00	

Index   time            a3              s0              s1              
--------------------------------------------------------------------------------
345	3.965926e-03	5.000000e+00	0.000000e+00	0.000000e+00	
346	4.000000e-03	5.000000e+00	0.000000e+00	0.000000e+00	

                                kicad schematic
                                Transient Analysis  Sat Sep 13 16:43:48  2025
--------------------------------------------------------------------------------
Index   time            y0              y1              y2              
--------------------------------------------------------------------------------
0	0.000000e+00	5.000000e+00	0.000000e+00	0.000000e+00	
1	1.000000e-10	5.000000e+00	0.000000e+00	0.000000e+00	
2	2.000000e-10	5.000000e+00	0.000000e+00	0.000000e+00	
3	4.000000e-10	5.000000e+00	0.000000e+00	0.000000e+00	
4	8.000000e-10	5.000000e+00	0.000000e+00	0.000000e+00	
5	1.600000e-09	5.000000e+00	0.000000e+00	0.000000e+00	
6	3.200000e-09	5.000000e+00	0.000000e+00	0.000000e+00	
7	6.400000e-09	5.000000e+00	0.000000e+00	0.000000e+00	
8	8.200000e-09	5.000000e+00	0.000000e+00	0.000000e+00	
9	8.210000e-09	5.000000e+00	5.000000e-02	5.000000e-02	
10	8.230000e-09	5.000000e+00	1.500000e-01	1.500000e-01	
11	8.270000e-09	5.000000e+00	3.500000e-01	3.500000e-01	
12	8.300000e-09	5.000000e+00	5.000000e-01	5.000000e-01	
13	8.308000e-09	5.000000e+00	5.000000e-01	5.000000e-01	
14	8.324000e-09	5.000000e+00	5.000000e-01	5.000000e-01	
15	8.356000e-09	5.000000e+00	5.000000e-01	5.000000e-01	
16	8.420000e-09	5.000000e+00	5.000000e-01	5.000000e-01	
17	8.548000e-09	5.000000e+00	5.000000e-01	5.000000e-01	
18	8.804000e-09	5.000000e+00	5.000000e-01	5.000000e-01	
19	9.200000e-09	5.000000e+00	5.000000e-01	5.000000e-01	
20	9.251200e-09	4.744000e+00	5.000000e-01	5.000000e-01	
21	9.353600e-09	4.232000e+00	5.000000e-01	5.000000e-01	
22	9.558400e-09	3.208000e+00	5.000000e-01	5.000000e-01	
23	9.968000e-09	1.160000e+00	5.000000e-01	5.000000e-01	
24	1.000000e-08	1.000000e+00	5.000000e-01	5.000000e-01	
25	1.001000e-08	9.500000e-01	5.000000e-01	5.000000e-01	
26	1.003000e-08	8.500000e-01	5.000000e-01	5.000000e-01	
27	1.007000e-08	6.500000e-01	5.000000e-01	5.000000e-01	
28	1.010000e-08	5.000000e-01	5.000000e-01	5.000000e-01	
29	1.010800e-08	5.000000e-01	5.000000e-01	5.000000e-01	
30	1.012400e-08	5.000000e-01	5.000000e-01	5.000000e-01	
31	1.015600e-08	5.000000e-01	5.000000e-01	5.000000e-01	
32	1.022000e-08	5.000000e-01	5.000000e-01	5.000000e-01	
33	1.034800e-08	5.000000e-01	5.000000e-01	5.000000e-01	
34	1.060400e-08	5.000000e-01	5.000000e-01	5.000000e-01	
35	1.111600e-08	5.000000e-01	5.000000e-01	5.000000e-01	
36	1.140000e-08	5.000000e-01	5.000000e-01	5.000000e-01	
37	1.149000e-08	9.500000e-01	9.500000e-01	5.000000e-01	
38	1.167000e-08	1.850000e+00	1.850000e+00	5.000000e-01	
39	1.203000e-08	3.650000e+00	3.650000e+00	5.000000e-01	
40	1.230000e-08	5.000000e+00	5.000000e+00	5.000000e-01	
41	1.237200e-08	5.000000e+00	5.000000e+00	5.000000e-01	
42	1.240000e-08	5.000000e+00	5.000000e+00	5.000000e-01	
43	1.241000e-08	5.000000e+00	5.000000e+00	4.500000e-01	
44	1.243000e-08	5.000000e+00	5.000000e+00	3.500000e-01	
45	1.247000e-08	5.000000e+00	5.000000e+00	1.500000e-01	
46	1.250000e-08	5.000000e+00	5.000000e+00	0.000000e+00	
47	1.250800e-08	5.000000e+00	5.000000e+00	0.000000e+00	
48	1.252400e-08	5.000000e+00	5.000000e+00	0.000000e+00	
49	1.255600e-08	5.000000e+00	5.000000e+00	0.000000e+00	
50	1.262000e-08	5.000000e+00	5.000000e+00	0.000000e+00	
51	1.274800e-08	5.000000e+00	5.000000e+00	0.000000e+00	
52	1.300400e-08	5.000000e+00	5.000000e+00	0.000000e+00	
53	1.351600e-08	5.000000e+00	5.000000e+00	0.000000e+00	
54	1.454000e-08	5.000000e+00	5.000000e+00	0.000000e+00	

Index   time            y0              y1              y2              
--------------------------------------------------------------------------------
55	1.658800e-08	5.000000e+00	5.000000e+00	0.000000e+00	
56	2.068400e-08	5.000000e+00	5.000000e+00	0.000000e+00	
57	2.887600e-08	5.000000e+00	5.000000e+00	0.000000e+00	
58	4.526000e-08	5.000000e+00	5.000000e+00	0.000000e+00	
59	7.802800e-08	5.000000e+00	5.000000e+00	0.000000e+00	
60	1.435640e-07	5.000000e+00	5.000000e+00	0.000000e+00	
61	2.746360e-07	5.000000e+00	5.000000e+00	0.000000e+00	
62	5.367800e-07	5.000000e+00	5.000000e+00	0.000000e+00	
63	1.061068e-06	5.000000e+00	5.000000e+00	0.000000e+00	
64	2.109644e-06	5.000000e+00	5.000000e+00	0.000000e+00	
65	4.206796e-06	5.000000e+00	5.000000e+00	0.000000e+00	
66	8.401100e-06	5.000000e+00	5.000000e+00	0.000000e+00	
67	1.678971e-05	5.000000e+00	5.000000e+00	0.000000e+00	
68	3.356692e-05	5.000000e+00	5.000000e+00	0.000000e+00	
69	6.712136e-05	5.000000e+00	5.000000e+00	0.000000e+00	
70	1.342302e-04	5.000000e+00	5.000000e+00	0.000000e+00	
71	2.142302e-04	5.000000e+00	5.000000e+00	0.000000e+00	
72	2.942302e-04	5.000000e+00	5.000000e+00	0.000000e+00	
73	3.742302e-04	5.000000e+00	5.000000e+00	0.000000e+00	
74	4.542302e-04	5.000000e+00	5.000000e+00	0.000000e+00	
75	5.342302e-04	5.000000e+00	5.000000e+00	0.000000e+00	
76	6.142302e-04	5.000000e+00	5.000000e+00	0.000000e+00	
77	6.942302e-04	5.000000e+00	5.000000e+00	0.000000e+00	
78	7.742302e-04	5.000000e+00	5.000000e+00	0.000000e+00	
79	8.542302e-04	5.000000e+00	5.000000e+00	0.000000e+00	
80	9.342302e-04	5.000000e+00	5.000000e+00	0.000000e+00	
81	1.000010e-03	5.000000e+00	5.000000e+00	0.000000e+00	
82	1.000011e-03	5.000000e+00	5.000000e+00	0.000000e+00	
83	1.000013e-03	5.000000e+00	5.000000e+00	0.000000e+00	
84	1.000017e-03	5.000000e+00	5.000000e+00	0.000000e+00	
85	1.000020e-03	5.000000e+00	5.000000e+00	0.000000e+00	
86	1.000021e-03	5.000000e+00	5.000000e+00	0.000000e+00	
87	1.000022e-03	5.000000e+00	5.000000e+00	0.000000e+00	
88	1.000022e-03	4.550000e+00	4.550000e+00	0.000000e+00	
89	1.000022e-03	3.650000e+00	3.650000e+00	0.000000e+00	
90	1.000023e-03	1.850000e+00	1.850000e+00	0.000000e+00	
91	1.000023e-03	5.000000e-01	5.000000e-01	0.000000e+00	
92	1.000023e-03	5.000000e-01	5.000000e-01	0.000000e+00	
93	1.000023e-03	5.000000e-01	5.000000e-01	0.000000e+00	
94	1.000023e-03	5.000000e-01	5.000000e-01	5.000000e-02	
95	1.000023e-03	5.000000e-01	5.000000e-01	1.500000e-01	
96	1.000023e-03	5.000000e-01	5.000000e-01	3.500000e-01	
97	1.000023e-03	5.000000e-01	5.000000e-01	5.000000e-01	
98	1.000023e-03	5.000000e-01	5.000000e-01	5.000000e-01	
99	1.000023e-03	5.000000e-01	5.000000e-01	5.000000e-01	
100	1.000023e-03	5.000000e-01	5.000000e-01	5.000000e-01	
101	1.000023e-03	5.000000e-01	5.000000e-01	5.000000e-01	
102	1.000023e-03	5.000000e-01	5.000000e-01	5.000000e-01	
103	1.000024e-03	5.000000e-01	5.000000e-01	5.000000e-01	
104	1.000024e-03	5.000000e-01	5.000000e-01	5.000000e-01	
105	1.000025e-03	5.000000e-01	5.000000e-01	5.000000e-01	
106	1.000025e-03	4.500000e-01	5.000000e-01	5.000000e-01	
107	1.000025e-03	3.500000e-01	5.000000e-01	5.000000e-01	
108	1.000025e-03	1.500000e-01	5.000000e-01	5.000000e-01	
109	1.000025e-03	0.000000e+00	5.000000e-01	5.000000e-01	
110	1.000025e-03	0.000000e+00	5.000000e-01	5.000000e-01	
111	1.000025e-03	0.000000e+00	5.000000e-01	5.000000e-01	
112	1.000025e-03	0.000000e+00	5.000000e-01	5.000000e-01	

Index   time            y0              y1              y2              
--------------------------------------------------------------------------------
113	1.000025e-03	0.000000e+00	5.000000e-01	5.000000e-01	
114	1.000025e-03	0.000000e+00	5.000000e-01	5.000000e-01	
115	1.000026e-03	0.000000e+00	5.000000e-01	5.000000e-01	
116	1.000026e-03	0.000000e+00	5.000000e-01	5.000000e-01	
117	1.000026e-03	0.000000e+00	7.560000e-01	7.560000e-01	
118	1.000026e-03	0.000000e+00	1.268000e+00	1.268000e+00	
119	1.000026e-03	0.000000e+00	2.292000e+00	2.292000e+00	
120	1.000027e-03	0.000000e+00	4.340000e+00	4.340000e+00	
121	1.000027e-03	0.000000e+00	5.000000e+00	5.000000e+00	
122	1.000027e-03	0.000000e+00	5.000000e+00	5.000000e+00	
123	1.000027e-03	0.000000e+00	5.000000e+00	5.000000e+00	
124	1.000027e-03	0.000000e+00	5.000000e+00	5.000000e+00	
125	1.000028e-03	0.000000e+00	5.000000e+00	5.000000e+00	
126	1.000029e-03	0.000000e+00	5.000000e+00	5.000000e+00	
127	1.000032e-03	0.000000e+00	5.000000e+00	5.000000e+00	
128	1.000037e-03	0.000000e+00	5.000000e+00	5.000000e+00	
129	1.000048e-03	0.000000e+00	5.000000e+00	5.000000e+00	
130	1.000069e-03	0.000000e+00	5.000000e+00	5.000000e+00	
131	1.000111e-03	0.000000e+00	5.000000e+00	5.000000e+00	
132	1.000195e-03	0.000000e+00	5.000000e+00	5.000000e+00	
133	1.000362e-03	0.000000e+00	5.000000e+00	5.000000e+00	
134	1.000698e-03	0.000000e+00	5.000000e+00	5.000000e+00	
135	1.001369e-03	0.000000e+00	5.000000e+00	5.000000e+00	
136	1.002711e-03	0.000000e+00	5.000000e+00	5.000000e+00	
137	1.005396e-03	0.000000e+00	5.000000e+00	5.000000e+00	
138	1.010764e-03	0.000000e+00	5.000000e+00	5.000000e+00	
139	1.021502e-03	0.000000e+00	5.000000e+00	5.000000e+00	
140	1.042976e-03	0.000000e+00	5.000000e+00	5.000000e+00	
141	1.085926e-03	0.000000e+00	5.000000e+00	5.000000e+00	
142	1.165926e-03	0.000000e+00	5.000000e+00	5.000000e+00	
143	1.245926e-03	0.000000e+00	5.000000e+00	5.000000e+00	
144	1.325926e-03	0.000000e+00	5.000000e+00	5.000000e+00	
145	1.405926e-03	0.000000e+00	5.000000e+00	5.000000e+00	
146	1.485926e-03	0.000000e+00	5.000000e+00	5.000000e+00	
147	1.565926e-03	0.000000e+00	5.000000e+00	5.000000e+00	
148	1.645926e-03	0.000000e+00	5.000000e+00	5.000000e+00	
149	1.725926e-03	0.000000e+00	5.000000e+00	5.000000e+00	
150	1.805926e-03	0.000000e+00	5.000000e+00	5.000000e+00	
151	1.885926e-03	0.000000e+00	5.000000e+00	5.000000e+00	
152	1.965926e-03	0.000000e+00	5.000000e+00	5.000000e+00	
153	2.000000e-03	0.000000e+00	5.000000e+00	5.000000e+00	
154	2.000001e-03	0.000000e+00	5.000000e+00	5.000000e+00	
155	2.000003e-03	0.000000e+00	5.000000e+00	5.000000e+00	
156	2.000007e-03	0.000000e+00	5.000000e+00	5.000000e+00	
157	2.000008e-03	0.000000e+00	5.000000e+00	5.000000e+00	
158	2.000008e-03	5.000000e-02	5.000000e+00	5.000000e+00	
159	2.000008e-03	1.500000e-01	5.000000e+00	5.000000e+00	
160	2.000008e-03	3.500000e-01	5.000000e+00	5.000000e+00	
161	2.000008e-03	5.000000e-01	5.000000e+00	5.000000e+00	
162	2.000008e-03	5.000000e-01	5.000000e+00	5.000000e+00	
163	2.000008e-03	5.000000e-01	5.000000e+00	5.000000e+00	
164	2.000008e-03	5.000000e-01	5.000000e+00	5.000000e+00	
165	2.000008e-03	5.000000e-01	5.000000e+00	5.000000e+00	
166	2.000008e-03	5.000000e-01	5.000000e+00	5.000000e+00	
167	2.000009e-03	5.000000e-01	5.000000e+00	5.000000e+00	
168	2.000009e-03	5.000000e-01	5.000000e+00	5.000000e+00	
169	2.000009e-03	5.000000e-01	4.744000e+00	4.744000e+00	
170	2.000009e-03	5.000000e-01	4.232000e+00	4.232000e+00	

Index   time            y0              y1              y2              
--------------------------------------------------------------------------------
171	2.000009e-03	5.000000e-01	3.208000e+00	3.208000e+00	
172	2.000010e-03	5.000000e-01	1.160000e+00	1.160000e+00	
173	2.000010e-03	5.000000e-01	5.000000e-01	5.000000e-01	
174	2.000010e-03	5.000000e-01	5.000000e-01	5.000000e-01	
175	2.000010e-03	5.000000e-01	5.000000e-01	5.000000e-01	
176	2.000010e-03	5.000000e-01	5.000000e-01	5.000000e-01	
177	2.000010e-03	5.000000e-01	5.000000e-01	5.000000e-01	
178	2.000010e-03	5.000000e-01	5.000000e-01	5.000000e-01	
179	2.000010e-03	5.000000e-01	5.000000e-01	5.000000e-01	
180	2.000010e-03	5.000000e-01	5.000000e-01	5.000000e-01	
181	2.000010e-03	5.000000e-01	5.000000e-01	5.000000e-01	
182	2.000010e-03	5.000000e-01	5.000000e-01	5.000000e-01	
183	2.000011e-03	5.000000e-01	5.000000e-01	5.000000e-01	
184	2.000011e-03	5.000000e-01	5.000000e-01	5.000000e-01	
185	2.000012e-03	5.000000e-01	5.000000e-01	5.000000e-01	
186	2.000012e-03	9.500000e-01	9.500000e-01	5.000000e-01	
187	2.000012e-03	1.850000e+00	1.850000e+00	5.000000e-01	
188	2.000013e-03	3.650000e+00	3.650000e+00	5.000000e-01	
189	2.000013e-03	5.000000e+00	5.000000e+00	5.000000e-01	
190	2.000013e-03	5.000000e+00	5.000000e+00	5.000000e-01	
191	2.000013e-03	5.000000e+00	5.000000e+00	5.000000e-01	
192	2.000013e-03	5.000000e+00	5.000000e+00	4.500000e-01	
193	2.000013e-03	5.000000e+00	5.000000e+00	3.500000e-01	
194	2.000013e-03	5.000000e+00	5.000000e+00	1.500000e-01	
195	2.000013e-03	5.000000e+00	5.000000e+00	0.000000e+00	
196	2.000013e-03	5.000000e+00	5.000000e+00	0.000000e+00	
197	2.000013e-03	5.000000e+00	5.000000e+00	0.000000e+00	
198	2.000013e-03	5.000000e+00	5.000000e+00	0.000000e+00	
199	2.000013e-03	5.000000e+00	5.000000e+00	0.000000e+00	
200	2.000013e-03	5.000000e+00	5.000000e+00	0.000000e+00	
201	2.000014e-03	5.000000e+00	5.000000e+00	0.000000e+00	
202	2.000014e-03	5.000000e+00	5.000000e+00	0.000000e+00	
203	2.000015e-03	5.000000e+00	5.000000e+00	0.000000e+00	
204	2.000017e-03	5.000000e+00	5.000000e+00	0.000000e+00	
205	2.000020e-03	5.000000e+00	5.000000e+00	0.000000e+00	
206	2.000020e-03	5.000000e+00	5.000000e+00	0.000000e+00	
207	2.000021e-03	5.000000e+00	5.000000e+00	0.000000e+00	
208	2.000022e-03	5.000000e+00	5.000000e+00	0.000000e+00	
209	2.000022e-03	4.550000e+00	4.550000e+00	0.000000e+00	
210	2.000022e-03	3.650000e+00	3.650000e+00	0.000000e+00	
211	2.000023e-03	1.850000e+00	1.850000e+00	0.000000e+00	
212	2.000023e-03	5.000000e-01	5.000000e-01	0.000000e+00	
213	2.000023e-03	5.000000e-01	5.000000e-01	0.000000e+00	
214	2.000023e-03	5.000000e-01	5.000000e-01	0.000000e+00	
215	2.000023e-03	5.000000e-01	5.000000e-01	5.000000e-02	
216	2.000023e-03	5.000000e-01	5.000000e-01	1.500000e-01	
217	2.000023e-03	5.000000e-01	5.000000e-01	3.500000e-01	
218	2.000023e-03	5.000000e-01	5.000000e-01	5.000000e-01	
219	2.000023e-03	5.000000e-01	5.000000e-01	5.000000e-01	
220	2.000023e-03	5.000000e-01	5.000000e-01	5.000000e-01	
221	2.000023e-03	5.000000e-01	5.000000e-01	5.000000e-01	
222	2.000023e-03	5.000000e-01	5.000000e-01	5.000000e-01	
223	2.000024e-03	5.000000e-01	5.000000e-01	5.000000e-01	
224	2.000024e-03	5.000000e-01	5.000000e-01	5.000000e-01	
225	2.000024e-03	5.000000e-01	5.000000e-01	5.000000e-01	
226	2.000025e-03	5.000000e-01	5.000000e-01	5.000000e-01	
227	2.000025e-03	4.500000e-01	4.500000e-01	5.000000e-01	
228	2.000025e-03	3.500000e-01	3.500000e-01	5.000000e-01	

Index   time            y0              y1              y2              
--------------------------------------------------------------------------------
229	2.000025e-03	1.500000e-01	1.500000e-01	5.000000e-01	
230	2.000025e-03	0.000000e+00	0.000000e+00	5.000000e-01	
231	2.000025e-03	0.000000e+00	0.000000e+00	5.000000e-01	
232	2.000025e-03	0.000000e+00	0.000000e+00	5.000000e-01	
233	2.000025e-03	0.000000e+00	0.000000e+00	5.000000e-01	
234	2.000025e-03	0.000000e+00	0.000000e+00	5.000000e-01	
235	2.000025e-03	0.000000e+00	0.000000e+00	5.000000e-01	
236	2.000026e-03	0.000000e+00	0.000000e+00	5.000000e-01	
237	2.000026e-03	0.000000e+00	0.000000e+00	5.000000e-01	
238	2.000026e-03	0.000000e+00	0.000000e+00	7.560000e-01	
239	2.000026e-03	0.000000e+00	0.000000e+00	1.268000e+00	
240	2.000026e-03	0.000000e+00	0.000000e+00	2.292000e+00	
241	2.000027e-03	0.000000e+00	0.000000e+00	4.340000e+00	
242	2.000027e-03	0.000000e+00	0.000000e+00	5.000000e+00	
243	2.000027e-03	0.000000e+00	0.000000e+00	5.000000e+00	
244	2.000027e-03	0.000000e+00	0.000000e+00	5.000000e+00	
245	2.000027e-03	0.000000e+00	0.000000e+00	5.000000e+00	
246	2.000028e-03	0.000000e+00	0.000000e+00	5.000000e+00	
247	2.000029e-03	0.000000e+00	0.000000e+00	5.000000e+00	
248	2.000032e-03	0.000000e+00	0.000000e+00	5.000000e+00	
249	2.000037e-03	0.000000e+00	0.000000e+00	5.000000e+00	
250	2.000048e-03	0.000000e+00	0.000000e+00	5.000000e+00	
251	2.000069e-03	0.000000e+00	0.000000e+00	5.000000e+00	
252	2.000111e-03	0.000000e+00	0.000000e+00	5.000000e+00	
253	2.000195e-03	0.000000e+00	0.000000e+00	5.000000e+00	
254	2.000362e-03	0.000000e+00	0.000000e+00	5.000000e+00	
255	2.000698e-03	0.000000e+00	0.000000e+00	5.000000e+00	
256	2.001369e-03	0.000000e+00	0.000000e+00	5.000000e+00	
257	2.002711e-03	0.000000e+00	0.000000e+00	5.000000e+00	
258	2.005396e-03	0.000000e+00	0.000000e+00	5.000000e+00	
259	2.010764e-03	0.000000e+00	0.000000e+00	5.000000e+00	
260	2.021502e-03	0.000000e+00	0.000000e+00	5.000000e+00	
261	2.042976e-03	0.000000e+00	0.000000e+00	5.000000e+00	
262	2.085926e-03	0.000000e+00	0.000000e+00	5.000000e+00	
263	2.165926e-03	0.000000e+00	0.000000e+00	5.000000e+00	
264	2.245926e-03	0.000000e+00	0.000000e+00	5.000000e+00	
265	2.325926e-03	0.000000e+00	0.000000e+00	5.000000e+00	
266	2.405926e-03	0.000000e+00	0.000000e+00	5.000000e+00	
267	2.485926e-03	0.000000e+00	0.000000e+00	5.000000e+00	
268	2.565926e-03	0.000000e+00	0.000000e+00	5.000000e+00	
269	2.645926e-03	0.000000e+00	0.000000e+00	5.000000e+00	
270	2.725926e-03	0.000000e+00	0.000000e+00	5.000000e+00	
271	2.805926e-03	0.000000e+00	0.000000e+00	5.000000e+00	
272	2.885926e-03	0.000000e+00	0.000000e+00	5.000000e+00	
273	2.965926e-03	0.000000e+00	0.000000e+00	5.000000e+00	
274	3.000010e-03	0.000000e+00	0.000000e+00	5.000000e+00	
275	3.000011e-03	0.000000e+00	0.000000e+00	5.000000e+00	
276	3.000013e-03	0.000000e+00	0.000000e+00	5.000000e+00	
277	3.000017e-03	0.000000e+00	0.000000e+00	5.000000e+00	
278	3.000020e-03	0.000000e+00	0.000000e+00	5.000000e+00	
279	3.000021e-03	0.000000e+00	0.000000e+00	5.000000e+00	
280	3.000022e-03	0.000000e+00	0.000000e+00	5.000000e+00	
281	3.000022e-03	0.000000e+00	0.000000e+00	4.550000e+00	
282	3.000022e-03	0.000000e+00	0.000000e+00	3.650000e+00	
283	3.000023e-03	0.000000e+00	0.000000e+00	1.850000e+00	
284	3.000023e-03	0.000000e+00	0.000000e+00	5.000000e-01	
285	3.000023e-03	0.000000e+00	0.000000e+00	5.000000e-01	
286	3.000023e-03	0.000000e+00	0.000000e+00	5.000000e-01	

Index   time            y0              y1              y2              
--------------------------------------------------------------------------------
287	3.000023e-03	5.000000e-02	0.000000e+00	5.000000e-01	
288	3.000023e-03	1.500000e-01	0.000000e+00	5.000000e-01	
289	3.000023e-03	3.500000e-01	0.000000e+00	5.000000e-01	
290	3.000023e-03	5.000000e-01	0.000000e+00	5.000000e-01	
291	3.000023e-03	5.000000e-01	0.000000e+00	5.000000e-01	
292	3.000023e-03	5.000000e-01	0.000000e+00	5.000000e-01	
293	3.000023e-03	5.000000e-01	0.000000e+00	5.000000e-01	
294	3.000023e-03	5.000000e-01	0.000000e+00	5.000000e-01	
295	3.000023e-03	5.000000e-01	0.000000e+00	5.000000e-01	
296	3.000024e-03	5.000000e-01	0.000000e+00	5.000000e-01	
297	3.000024e-03	5.000000e-01	0.000000e+00	5.000000e-01	
298	3.000025e-03	5.000000e-01	0.000000e+00	5.000000e-01	
299	3.000025e-03	5.000000e-01	0.000000e+00	4.500000e-01	
300	3.000025e-03	5.000000e-01	0.000000e+00	3.500000e-01	
301	3.000025e-03	5.000000e-01	0.000000e+00	1.500000e-01	
302	3.000025e-03	5.000000e-01	0.000000e+00	0.000000e+00	
303	3.000025e-03	5.000000e-01	0.000000e+00	0.000000e+00	
304	3.000025e-03	5.000000e-01	0.000000e+00	0.000000e+00	
305	3.000025e-03	5.000000e-01	0.000000e+00	0.000000e+00	
306	3.000025e-03	5.000000e-01	0.000000e+00	0.000000e+00	
307	3.000025e-03	5.000000e-01	0.000000e+00	0.000000e+00	
308	3.000026e-03	5.000000e-01	0.000000e+00	0.000000e+00	
309	3.000026e-03	5.000000e-01	0.000000e+00	0.000000e+00	
310	3.000026e-03	7.560000e-01	0.000000e+00	0.000000e+00	
311	3.000026e-03	1.268000e+00	0.000000e+00	0.000000e+00	
312	3.000026e-03	2.292000e+00	0.000000e+00	0.000000e+00	
313	3.000027e-03	4.340000e+00	0.000000e+00	0.000000e+00	
314	3.000027e-03	5.000000e+00	0.000000e+00	0.000000e+00	
315	3.000027e-03	5.000000e+00	0.000000e+00	0.000000e+00	
316	3.000027e-03	5.000000e+00	0.000000e+00	0.000000e+00	
317	3.000027e-03	5.000000e+00	0.000000e+00	0.000000e+00	
318	3.000028e-03	5.000000e+00	0.000000e+00	0.000000e+00	
319	3.000029e-03	5.000000e+00	0.000000e+00	0.000000e+00	
320	3.000032e-03	5.000000e+00	0.000000e+00	0.000000e+00	
321	3.000037e-03	5.000000e+00	0.000000e+00	0.000000e+00	
322	3.000048e-03	5.000000e+00	0.000000e+00	0.000000e+00	
323	3.000069e-03	5.000000e+00	0.000000e+00	0.000000e+00	
324	3.000111e-03	5.000000e+00	0.000000e+00	0.000000e+00	
325	3.000195e-03	5.000000e+00	0.000000e+00	0.000000e+00	
326	3.000362e-03	5.000000e+00	0.000000e+00	0.000000e+00	
327	3.000698e-03	5.000000e+00	0.000000e+00	0.000000e+00	
328	3.001369e-03	5.000000e+00	0.000000e+00	0.000000e+00	
329	3.002711e-03	5.000000e+00	0.000000e+00	0.000000e+00	
330	3.005396e-03	5.000000e+00	0.000000e+00	0.000000e+00	
331	3.010764e-03	5.000000e+00	0.000000e+00	0.000000e+00	
332	3.021502e-03	5.000000e+00	0.000000e+00	0.000000e+00	
333	3.042976e-03	5.000000e+00	0.000000e+00	0.000000e+00	
334	3.085926e-03	5.000000e+00	0.000000e+00	0.000000e+00	
335	3.165926e-03	5.000000e+00	0.000000e+00	0.000000e+00	
336	3.245926e-03	5.000000e+00	0.000000e+00	0.000000e+00	
337	3.325926e-03	5.000000e+00	0.000000e+00	0.000000e+00	
338	3.405926e-03	5.000000e+00	0.000000e+00	0.000000e+00	
339	3.485926e-03	5.000000e+00	0.000000e+00	0.000000e+00	
340	3.565926e-03	5.000000e+00	0.000000e+00	0.000000e+00	
341	3.645926e-03	5.000000e+00	0.000000e+00	0.000000e+00	
342	3.725926e-03	5.000000e+00	0.000000e+00	0.000000e+00	
343	3.805926e-03	5.000000e+00	0.000000e+00	0.000000e+00	
344	3.885926e-03	5.000000e+00	0.000000e+00	0.000000e+00	

Index   time            y0              y1              y2              
--------------------------------------------------------------------------------
345	3.965926e-03	5.000000e+00	0.000000e+00	0.000000e+00	
346	4.000000e-03	5.000000e+00	0.000000e+00	0.000000e+00	

                                kicad schematic
                                Transient Analysis  Sat Sep 13 16:43:48  2025
--------------------------------------------------------------------------------
Index   time            y3              
--------------------------------------------------------------------------------
0	0.000000e+00	5.000000e+00	
1	1.000000e-10	5.000000e+00	
2	2.000000e-10	5.000000e+00	
3	4.000000e-10	5.000000e+00	
4	8.000000e-10	5.000000e+00	
5	1.600000e-09	5.000000e+00	
6	3.200000e-09	5.000000e+00	
7	6.400000e-09	5.000000e+00	
8	8.200000e-09	5.000000e+00	
9	8.210000e-09	5.000000e+00	
10	8.230000e-09	5.000000e+00	
11	8.270000e-09	5.000000e+00	
12	8.300000e-09	5.000000e+00	
13	8.308000e-09	5.000000e+00	
14	8.324000e-09	5.000000e+00	
15	8.356000e-09	5.000000e+00	
16	8.420000e-09	5.000000e+00	
17	8.548000e-09	5.000000e+00	
18	8.804000e-09	5.000000e+00	
19	9.200000e-09	5.000000e+00	
20	9.251200e-09	4.744000e+00	
21	9.353600e-09	4.232000e+00	
22	9.558400e-09	3.208000e+00	
23	9.968000e-09	1.160000e+00	
24	1.000000e-08	1.000000e+00	
25	1.001000e-08	9.500000e-01	
26	1.003000e-08	8.500000e-01	
27	1.007000e-08	6.500000e-01	
28	1.010000e-08	5.000000e-01	
29	1.010800e-08	5.000000e-01	
30	1.012400e-08	5.000000e-01	
31	1.015600e-08	5.000000e-01	
32	1.022000e-08	5.000000e-01	
33	1.034800e-08	5.000000e-01	
34	1.060400e-08	5.000000e-01	
35	1.111600e-08	5.000000e-01	
36	1.140000e-08	5.000000e-01	
37	1.149000e-08	5.000000e-01	
38	1.167000e-08	5.000000e-01	
39	1.203000e-08	5.000000e-01	
40	1.230000e-08	5.000000e-01	
41	1.237200e-08	5.000000e-01	
42	1.240000e-08	5.000000e-01	
43	1.241000e-08	4.500000e-01	
44	1.243000e-08	3.500000e-01	
45	1.247000e-08	1.500000e-01	
46	1.250000e-08	0.000000e+00	
47	1.250800e-08	0.000000e+00	
48	1.252400e-08	0.000000e+00	
49	1.255600e-08	0.000000e+00	
50	1.262000e-08	0.000000e+00	
51	1.274800e-08	0.000000e+00	
52	1.300400e-08	0.000000e+00	
53	1.351600e-08	0.000000e+00	
54	1.454000e-08	0.000000e+00	

Index   time            y3              
--------------------------------------------------------------------------------
55	1.658800e-08	0.000000e+00	
56	2.068400e-08	0.000000e+00	
57	2.887600e-08	0.000000e+00	
58	4.526000e-08	0.000000e+00	
59	7.802800e-08	0.000000e+00	
60	1.435640e-07	0.000000e+00	
61	2.746360e-07	0.000000e+00	
62	5.367800e-07	0.000000e+00	
63	1.061068e-06	0.000000e+00	
64	2.109644e-06	0.000000e+00	
65	4.206796e-06	0.000000e+00	
66	8.401100e-06	0.000000e+00	
67	1.678971e-05	0.000000e+00	
68	3.356692e-05	0.000000e+00	
69	6.712136e-05	0.000000e+00	
70	1.342302e-04	0.000000e+00	
71	2.142302e-04	0.000000e+00	
72	2.942302e-04	0.000000e+00	
73	3.742302e-04	0.000000e+00	
74	4.542302e-04	0.000000e+00	
75	5.342302e-04	0.000000e+00	
76	6.142302e-04	0.000000e+00	
77	6.942302e-04	0.000000e+00	
78	7.742302e-04	0.000000e+00	
79	8.542302e-04	0.000000e+00	
80	9.342302e-04	0.000000e+00	
81	1.000010e-03	0.000000e+00	
82	1.000011e-03	0.000000e+00	
83	1.000013e-03	0.000000e+00	
84	1.000017e-03	0.000000e+00	
85	1.000020e-03	0.000000e+00	
86	1.000021e-03	0.000000e+00	
87	1.000022e-03	0.000000e+00	
88	1.000022e-03	0.000000e+00	
89	1.000022e-03	0.000000e+00	
90	1.000023e-03	0.000000e+00	
91	1.000023e-03	0.000000e+00	
92	1.000023e-03	0.000000e+00	
93	1.000023e-03	0.000000e+00	
94	1.000023e-03	0.000000e+00	
95	1.000023e-03	0.000000e+00	
96	1.000023e-03	0.000000e+00	
97	1.000023e-03	0.000000e+00	
98	1.000023e-03	0.000000e+00	
99	1.000023e-03	0.000000e+00	
100	1.000023e-03	0.000000e+00	
101	1.000023e-03	0.000000e+00	
102	1.000023e-03	0.000000e+00	
103	1.000024e-03	0.000000e+00	
104	1.000024e-03	0.000000e+00	
105	1.000025e-03	0.000000e+00	
106	1.000025e-03	0.000000e+00	
107	1.000025e-03	0.000000e+00	
108	1.000025e-03	0.000000e+00	
109	1.000025e-03	0.000000e+00	
110	1.000025e-03	0.000000e+00	
111	1.000025e-03	0.000000e+00	
112	1.000025e-03	0.000000e+00	

Index   time            y3              
--------------------------------------------------------------------------------
113	1.000025e-03	0.000000e+00	
114	1.000025e-03	0.000000e+00	
115	1.000026e-03	0.000000e+00	
116	1.000026e-03	0.000000e+00	
117	1.000026e-03	0.000000e+00	
118	1.000026e-03	0.000000e+00	
119	1.000026e-03	0.000000e+00	
120	1.000027e-03	0.000000e+00	
121	1.000027e-03	0.000000e+00	
122	1.000027e-03	0.000000e+00	
123	1.000027e-03	0.000000e+00	
124	1.000027e-03	0.000000e+00	
125	1.000028e-03	0.000000e+00	
126	1.000029e-03	0.000000e+00	
127	1.000032e-03	0.000000e+00	
128	1.000037e-03	0.000000e+00	
129	1.000048e-03	0.000000e+00	
130	1.000069e-03	0.000000e+00	
131	1.000111e-03	0.000000e+00	
132	1.000195e-03	0.000000e+00	
133	1.000362e-03	0.000000e+00	
134	1.000698e-03	0.000000e+00	
135	1.001369e-03	0.000000e+00	
136	1.002711e-03	0.000000e+00	
137	1.005396e-03	0.000000e+00	
138	1.010764e-03	0.000000e+00	
139	1.021502e-03	0.000000e+00	
140	1.042976e-03	0.000000e+00	
141	1.085926e-03	0.000000e+00	
142	1.165926e-03	0.000000e+00	
143	1.245926e-03	0.000000e+00	
144	1.325926e-03	0.000000e+00	
145	1.405926e-03	0.000000e+00	
146	1.485926e-03	0.000000e+00	
147	1.565926e-03	0.000000e+00	
148	1.645926e-03	0.000000e+00	
149	1.725926e-03	0.000000e+00	
150	1.805926e-03	0.000000e+00	
151	1.885926e-03	0.000000e+00	
152	1.965926e-03	0.000000e+00	
153	2.000000e-03	0.000000e+00	
154	2.000001e-03	0.000000e+00	
155	2.000003e-03	0.000000e+00	
156	2.000007e-03	0.000000e+00	
157	2.000008e-03	0.000000e+00	
158	2.000008e-03	0.000000e+00	
159	2.000008e-03	0.000000e+00	
160	2.000008e-03	0.000000e+00	
161	2.000008e-03	0.000000e+00	
162	2.000008e-03	0.000000e+00	
163	2.000008e-03	0.000000e+00	
164	2.000008e-03	0.000000e+00	
165	2.000008e-03	0.000000e+00	
166	2.000008e-03	0.000000e+00	
167	2.000009e-03	0.000000e+00	
168	2.000009e-03	0.000000e+00	
169	2.000009e-03	0.000000e+00	
170	2.000009e-03	0.000000e+00	

Index   time            y3              
--------------------------------------------------------------------------------
171	2.000009e-03	0.000000e+00	
172	2.000010e-03	0.000000e+00	
173	2.000010e-03	0.000000e+00	
174	2.000010e-03	0.000000e+00	
175	2.000010e-03	0.000000e+00	
176	2.000010e-03	0.000000e+00	
177	2.000010e-03	0.000000e+00	
178	2.000010e-03	0.000000e+00	
179	2.000010e-03	0.000000e+00	
180	2.000010e-03	0.000000e+00	
181	2.000010e-03	0.000000e+00	
182	2.000010e-03	0.000000e+00	
183	2.000011e-03	0.000000e+00	
184	2.000011e-03	0.000000e+00	
185	2.000012e-03	0.000000e+00	
186	2.000012e-03	0.000000e+00	
187	2.000012e-03	0.000000e+00	
188	2.000013e-03	0.000000e+00	
189	2.000013e-03	0.000000e+00	
190	2.000013e-03	0.000000e+00	
191	2.000013e-03	0.000000e+00	
192	2.000013e-03	0.000000e+00	
193	2.000013e-03	0.000000e+00	
194	2.000013e-03	0.000000e+00	
195	2.000013e-03	0.000000e+00	
196	2.000013e-03	0.000000e+00	
197	2.000013e-03	0.000000e+00	
198	2.000013e-03	0.000000e+00	
199	2.000013e-03	0.000000e+00	
200	2.000013e-03	0.000000e+00	
201	2.000014e-03	0.000000e+00	
202	2.000014e-03	0.000000e+00	
203	2.000015e-03	0.000000e+00	
204	2.000017e-03	0.000000e+00	
205	2.000020e-03	0.000000e+00	
206	2.000020e-03	0.000000e+00	
207	2.000021e-03	0.000000e+00	
208	2.000022e-03	0.000000e+00	
209	2.000022e-03	0.000000e+00	
210	2.000022e-03	0.000000e+00	
211	2.000023e-03	0.000000e+00	
212	2.000023e-03	0.000000e+00	
213	2.000023e-03	0.000000e+00	
214	2.000023e-03	0.000000e+00	
215	2.000023e-03	5.000000e-02	
216	2.000023e-03	1.500000e-01	
217	2.000023e-03	3.500000e-01	
218	2.000023e-03	5.000000e-01	
219	2.000023e-03	5.000000e-01	
220	2.000023e-03	5.000000e-01	
221	2.000023e-03	5.000000e-01	
222	2.000023e-03	5.000000e-01	
223	2.000024e-03	5.000000e-01	
224	2.000024e-03	5.000000e-01	
225	2.000024e-03	5.000000e-01	
226	2.000025e-03	5.000000e-01	
227	2.000025e-03	5.000000e-01	
228	2.000025e-03	5.000000e-01	

Index   time            y3              
--------------------------------------------------------------------------------
229	2.000025e-03	5.000000e-01	
230	2.000025e-03	5.000000e-01	
231	2.000025e-03	5.000000e-01	
232	2.000025e-03	5.000000e-01	
233	2.000025e-03	5.000000e-01	
234	2.000025e-03	5.000000e-01	
235	2.000025e-03	5.000000e-01	
236	2.000026e-03	5.000000e-01	
237	2.000026e-03	5.000000e-01	
238	2.000026e-03	7.560000e-01	
239	2.000026e-03	1.268000e+00	
240	2.000026e-03	2.292000e+00	
241	2.000027e-03	4.340000e+00	
242	2.000027e-03	5.000000e+00	
243	2.000027e-03	5.000000e+00	
244	2.000027e-03	5.000000e+00	
245	2.000027e-03	5.000000e+00	
246	2.000028e-03	5.000000e+00	
247	2.000029e-03	5.000000e+00	
248	2.000032e-03	5.000000e+00	
249	2.000037e-03	5.000000e+00	
250	2.000048e-03	5.000000e+00	
251	2.000069e-03	5.000000e+00	
252	2.000111e-03	5.000000e+00	
253	2.000195e-03	5.000000e+00	
254	2.000362e-03	5.000000e+00	
255	2.000698e-03	5.000000e+00	
256	2.001369e-03	5.000000e+00	
257	2.002711e-03	5.000000e+00	
258	2.005396e-03	5.000000e+00	
259	2.010764e-03	5.000000e+00	
260	2.021502e-03	5.000000e+00	
261	2.042976e-03	5.000000e+00	
262	2.085926e-03	5.000000e+00	
263	2.165926e-03	5.000000e+00	
264	2.245926e-03	5.000000e+00	
265	2.325926e-03	5.000000e+00	
266	2.405926e-03	5.000000e+00	
267	2.485926e-03	5.000000e+00	
268	2.565926e-03	5.000000e+00	
269	2.645926e-03	5.000000e+00	
270	2.725926e-03	5.000000e+00	
271	2.805926e-03	5.000000e+00	
272	2.885926e-03	5.000000e+00	
273	2.965926e-03	5.000000e+00	
274	3.000010e-03	5.000000e+00	
275	3.000011e-03	5.000000e+00	
276	3.000013e-03	5.000000e+00	
277	3.000017e-03	5.000000e+00	
278	3.000020e-03	5.000000e+00	
279	3.000021e-03	5.000000e+00	
280	3.000022e-03	5.000000e+00	
281	3.000022e-03	4.550000e+00	
282	3.000022e-03	3.650000e+00	
283	3.000023e-03	1.850000e+00	
284	3.000023e-03	5.000000e-01	
285	3.000023e-03	5.000000e-01	
286	3.000023e-03	5.000000e-01	

Index   time            y3              
--------------------------------------------------------------------------------
287	3.000023e-03	5.000000e-01	
288	3.000023e-03	5.000000e-01	
289	3.000023e-03	5.000000e-01	
290	3.000023e-03	5.000000e-01	
291	3.000023e-03	5.000000e-01	
292	3.000023e-03	5.000000e-01	
293	3.000023e-03	5.000000e-01	
294	3.000023e-03	5.000000e-01	
295	3.000023e-03	5.000000e-01	
296	3.000024e-03	5.000000e-01	
297	3.000024e-03	5.000000e-01	
298	3.000025e-03	5.000000e-01	
299	3.000025e-03	5.000000e-01	
300	3.000025e-03	5.000000e-01	
301	3.000025e-03	5.000000e-01	
302	3.000025e-03	5.000000e-01	
303	3.000025e-03	5.000000e-01	
304	3.000025e-03	5.000000e-01	
305	3.000025e-03	5.000000e-01	
306	3.000025e-03	5.000000e-01	
307	3.000025e-03	5.000000e-01	
308	3.000026e-03	5.000000e-01	
309	3.000026e-03	5.000000e-01	
310	3.000026e-03	7.560000e-01	
311	3.000026e-03	1.268000e+00	
312	3.000026e-03	2.292000e+00	
313	3.000027e-03	4.340000e+00	
314	3.000027e-03	5.000000e+00	
315	3.000027e-03	5.000000e+00	
316	3.000027e-03	5.000000e+00	
317	3.000027e-03	5.000000e+00	
318	3.000028e-03	5.000000e+00	
319	3.000029e-03	5.000000e+00	
320	3.000032e-03	5.000000e+00	
321	3.000037e-03	5.000000e+00	
322	3.000048e-03	5.000000e+00	
323	3.000069e-03	5.000000e+00	
324	3.000111e-03	5.000000e+00	
325	3.000195e-03	5.000000e+00	
326	3.000362e-03	5.000000e+00	
327	3.000698e-03	5.000000e+00	
328	3.001369e-03	5.000000e+00	
329	3.002711e-03	5.000000e+00	
330	3.005396e-03	5.000000e+00	
331	3.010764e-03	5.000000e+00	
332	3.021502e-03	5.000000e+00	
333	3.042976e-03	5.000000e+00	
334	3.085926e-03	5.000000e+00	
335	3.165926e-03	5.000000e+00	
336	3.245926e-03	5.000000e+00	
337	3.325926e-03	5.000000e+00	
338	3.405926e-03	5.000000e+00	
339	3.485926e-03	5.000000e+00	
340	3.565926e-03	5.000000e+00	
341	3.645926e-03	5.000000e+00	
342	3.725926e-03	5.000000e+00	
343	3.805926e-03	5.000000e+00	
344	3.885926e-03	5.000000e+00	

Index   time            y3              
--------------------------------------------------------------------------------
345	3.965926e-03	5.000000e+00	
346	4.000000e-03	5.000000e+00	
